Furniture: Double window
103.505005
333.4278 237.48999 342.70184
101.6 10.451842 173.98999
Furniture: Fixed window
103.505005
91.77942 257.4925 238.0352
91.44 7.6202497 133.985
Furniture: Staircase
103.505005
526.02484 271.14502 55.191383
73.659996 283.21 335.28
Furniture: Fixed window
359.40997
4.8144298 513.39746 125.01912
91.44 7.6202497 133.985
Furniture: Fixed window
359.40997
228.8436 513.39746 238.08673
91.44 7.6202497 133.985
Furniture: Fixed window
359.40997
334.60544 513.39746 340.73926
91.44 7.6202497 133.985
Furniture: Fixed window
359.40997
1005.49524 513.39746 136.87473
91.44 7.6202497 133.985
Furniture: Fixed window
359.40997
1005.49524 513.39746 319.74966
91.44 7.6202497 133.985
Furniture: Fixed window
-152.4
5.1176753 1.5875015 125.39935
91.44 7.6202497 133.985
Furniture: Fixed window
-152.4
227.11702 1.5875015 238.08673
91.44 7.6202497 133.985
Furniture: Fixed window
-152.4
1005.49524 1.5875015 136.87473
91.44 7.6202497 133.985
Furniture: Fixed window
-152.4
1005.49524 1.5875015 320.42465
91.44 7.6202497 133.985
Furniture: Open door
-152.4
305.24988 -48.259995 346.07004
91.44 69.03237 208.28
Furniture: Open door
-152.4
305.2499 -48.259995 64.25754
91.44 69.03237 208.28
Furniture: Fixed window
103.505005
228.55441 257.4925 238.0352
91.44 7.6202497 133.985
Furniture: Picture window
103.505005
1019.69415 218.44 292.59476
147.31999 37.61534 135.89
Furniture: Exterior door
103.505005
1004.77386 198.47324 62.50007
91.44 9.042649 189.93646
Furniture: Open door
103.505005
773.5043 207.645 140.00526
83.82 69.03237 208.28
Furniture: Open door
103.505005
658.4169 198.96667 184.90527
83.82 69.03237 190.92334
Furniture: Open door
359.40997
664.17706 454.81873 185.26228
83.82 69.03237 190.81749
Furniture: Open door
359.40997
742.47546 454.81873 61.095093
83.82 69.03237 190.81749
Furniture: Open door
359.40997
286.51416 454.81873 85.32111
83.82 69.03237 190.81749
Furniture: Open door
359.40997
137.8054 454.81873 60.967457
83.82 69.03237 190.81749
Furniture: Fireplace
103.505005
512.1275 228.44125 428.59387
123.5075 45.4025 249.8725
Furniture: Fireplace
-152.4
511.9905 -27.463745 428.57678
153.9875 45.4025 249.8725
Furniture: Fireplace
-152.4
836.9219 -27.463745 428.7455
153.9875 45.4025 249.8725
Furniture: Fireplace
103.505005
836.93 228.44125 428.5939
123.5075 45.4025 249.8725
Furniture: Fireplace
359.40997
512.1275 484.34622 428.79398
93.027504 45.4025 249.8725
Furniture: Fireplace
359.40997
836.93 484.34622 428.94553
93.0275 45.4025 249.8725
Furniture: Open door
103.505005
286.51416 198.91376 85.32111
83.82 69.03237 190.81749
Furniture: Open door
103.505005
137.8054 198.91376 60.967457
83.82 69.03237 190.81749
Furniture: Staircase
-152.4
526.02484 15.2400055 55.191383
73.659996 283.21 335.28
