RoomID 1
center 86.01169 359.40997 126.42672
8.337913 359.40997 18.576708
8.934485 359.40997 234.08142
163.68547 359.40997 234.27673
163.68547 359.40997 18.576708
RoomID 2
center 251.33197 359.40997 176.54895
171.30547 359.40997 118.82117
171.30547 359.40997 234.27673
331.32547 359.40997 234.27673
331.3585 359.40997 118.82117
RoomID 3
center 523.8071 359.40997 305.3368
338.94547 359.40997 159.38223
338.6389 359.40997 451.29138
708.9754 359.40997 451.29135
708.9754 359.40997 159.38222
RoomID 4
center 859.2529 359.40997 235.12422
716.70795 359.40997 18.489197
716.70795 359.40997 451.75925
1001.7978 359.40997 451.75925
1001.79785 359.40997 18.489212
RoomID 5
center 170.02882 -152.4 126.203316
8.927675 -152.4 18.181425
8.927675 -152.4 234.08142
331.12994 -152.4 234.2252
331.12997 -152.4 18.346317
RoomID 6
center 169.9844 -152.4 346.58737
8.838854 -152.4 241.89671
8.838854 -152.4 451.278
331.12994 -152.4 451.278
331.12994 -152.4 241.89673
RoomID 7
center 586.49023 103.505005 84.87574
1001.67505 103.505005 18.3463
171.30545 103.505005 18.346264
171.30545 103.505005 111.20117
338.74994 103.505005 111.20117
338.77396 103.505005 151.4052
710.8599 103.505005 151.40521
710.8599 103.505005 106.5052
1001.67505 103.505005 106.5052
RoomID 8
center 670.385 103.505005 283.2602
338.74994 103.505005 159.02519
338.74994 103.505005 452.3952
1001.68524 103.505005 451.44678
1002.02014 103.505005 114.1252
718.4799 103.505005 114.1252
718.4799 103.505005 158.8927
RoomID 9
center 440.14044 359.40997 85.06949
171.30547 359.40997 18.575167
171.30547 359.40997 111.20119
338.9455 359.40997 111.20119
338.9455 359.40997 151.76225
708.9754 359.40997 151.76224
708.9754 359.40997 18.376719
RoomID 10
center 670.2176 -152.4 235.37076
338.74997 -152.4 18.37671
338.74994 -152.4 452.3952
1001.68524 -152.4 451.44678
1001.67505 -152.4 18.346298
RoomID 11
center 251.33197 103.505005 176.54895
171.30547 103.505005 118.82117
171.30547 103.505005 234.27673
331.32547 103.505005 234.27673
331.3585 103.505005 118.82117
RoomID 12
center 86.01169 103.505005 126.42672
8.337913 103.505005 18.576708
8.934485 103.505005 234.08142
163.68547 103.505005 234.27673
163.68547 103.505005 18.576708
