1 1084.73869693142
2 1058.02821727745
3 1059.22508978314
4 1067.20039061267
5 1057.86224751179
6 1056.65785756129
7 1065.99561022474
8 1065.34155160088
9 1050.64348243316
10 1052.91505191112
11 1082.71097482719
12 1075.01881147376
13 1075.69665598487
14 1071.61873276382
15 1072.87923738285
16 1086.31744642234
17 1080.03190536257
18 1092.30907645461
19 1083.61859388601
20 1099.95919758349
21 1086.48403515872
22 1085.98757044067
23 1084.06116192614
24 1093.45896160923
25 1059.73533550502
26 1068.25309293251
27 1043.49623409999
28 1060.63020667042
29 1069.96655965686
30 1073.89304476795
31 1068.89148415567
32 1069.35008525018
33 1071.16769376208
34 1077.29847495462
35 1058.72488005786
36 1055.59289498167
37 1040.94648229282
38 1027.33681028208
39 1027.36379240288
40 1031.2629515262
41 1034.2482026124
42 1049.93504591538
43 1100.88909672313
44 1113.95220546923
45 1136.31109770167
46 1118.64988199445
47 1117.71822647327
48 1095.42735733789
49 1090.23754777809
50 1092.13225560684
51 1095.90461131618
52 1090.56159519564
53 1109.9973476398
54 1137.71530896013
55 1122.79373609667
56 1123.93535948686
57 1118.44665338987
58 1095.31825474224
59 1094.61177216039
60 1099.36772329696
61 1122.69726223778
62 1132.18933362022
63 1139.2203962184
64 1157.90154211079
65 1164.58397019826
66 1180.36086191693
67 1205.95930660341
68 1198.77309935131
69 1197.76071932653
70 1161.88783259194
71 1163.61968934047
72 1190.75238966745
73 1204.33507412898
74 1187.19458815659
75 1184.28781847948
76 1162.77972626214
77 1160.35531863584
78 1140.46117944309
79 1142.84658938881
80 1189.46699602289
81 1192.04715428814
82 1161.25486487172
83 1149.97112995959
84 1147.63825897206
85 1153.25695328192
86 1150.00982152554
87 1153.28097495075
88 1253.70438334326
89 1386.39909032673
90 1607.19837268019
91 1426.9009010022
92 1434.38690969266
93 1373.20527428949
94 1594.17672654592
95 1628.62473928275
96 1279.95295133765
97 1396.17314808272
98 1504.58595033961
99 1365.27046599964
100 1365.10221371987
101 1357.31393018201
102 1365.46772169098
103 1349.34420365715
104 1360.14390915703
105 1355.12112692779
106 1284.59801751552
107 1300.3729559305
108 1290.48705349092
109 1316.41545946938
110 1279.26271397561
111 1306.5861233473
112 1020.18648171436
113 1020.15619818254
114 1011.20862504619
115 1012.86154910776
116 1127.60884212045
117 1129.85904268211
118 1127.10777525914
119 1186.63108921678
120 1186.99890112445
121 1165.01321900338
122 1251.28496836646
123 1421.30886852141
124 1190.93802160862
125 1196.03524393681
126 1210.88963609195
127 1304.72572692067
128 1220.9673613612
129 1226.56154401673
130 1234.50050056694
131 1287.14734820629
132 1285.19456197871
133 1245.26199464653
134 1245.53958158348
135 1157.201135442
136 1161.86908870716
137 1204.79545987769
138 1280.54826109225
139 1454.81406547741
140 1295.40536880525
141 1295.4707066631
142 1386.12805040238
143 1483.09389396876
144 1481.91288084981
145 1489.92783877928
146 1470.69074542696
147 1466.98744869626
148 1371.94137325716
149 1370.98433791573
150 1438.58596430025
151 1449.26016321414
152 1271.65783220522
153 1270.73382733868
154 1468.21498483563
155 1455.40369661617
156 1469.81826590173
157 1266.3569715118
158 1269.05266511667
159 1467.71927083348
160 1474.66622993285
161 1496.37172245581
162 1475.92695336698
163 1473.02501936373
164 1455.97927706071
165 1455.73807562307
166 1436.62952930936
167 1438.73367231619
168 1454.80972209324
169 1456.31365036221
170 1467.21358211907
171 1441.47822858151
172 1442.4300272648
173 1441.95996780385
174 1228.64680695798
175 1233.87817084758
176 1162.4120182972
177 1161.6507165509
178 1116.34738649909
179 1114.58249468032
180 1111.82448246469
181 1124.62031453168
182 1097.23393055294
183 1103.26799776168
184 1137.43918660174
185 1089.91587450304
186 1095.59994161123
187 1139.17904419037
188 1168.84323304265
189 1301.93859061517
190 1443.43559920622
191 1266.94282409315
192 1262.03544483034
193 1263.78297339812
194 1173.03801395686
195 1174.43908361053
196 1186.7738484793
197 1132.72716492002
198 1132.29288481066
199 1160.65532159809
200 1222.50891195711
201 1356.4603440348
202 1227.44517413805
203 1232.38879295316
204 1360.36898917104
205 1428.14287233196
206 1274.03549710616
207 1275.78558067604
208 1315.61058326818
209 1228.44449731278
210 1227.82914415129
211 1290.46605744359
212 1296.05960860742
213 1433.4214403339
214 1322.91038855014
215 1325.60260056817
216 1216.27815456875
217 1093.41121777538
218 1216.16106973855
219 1057.91401553426
220 1060.83687879375
221 1082.43253039097
222 1081.99257139406
223 1086.20420275729
224 1119.36780624659
225 1076.39808164667
226 1071.05010570852
227 1071.66186548539
228 1310.72536297005
229 1209.44513020128
230 1206.70728105341
231 1084.2970530005
232 1080.06586264667
233 1189.08257779113
234 1065.71626196105
235 1064.37218782671
236 1074.77301663316
237 1206.5880418519
238 1330.57839241015
239 1175.40432947502
240 1176.13758897772
241 1072.3979848561
242 1074.12314432488
243 1164.89717206345
244 1226.78116171116
245 1164.02328447416
246 1159.71651488188
247 1037.31162372371
248 1040.14497488721
249 1062.73962724428
250 1047.23547682631
251 1030.47722250176
252 1028.53683861587
253 1019.2120462424
254 1024.08171499591
255 1030.80227508792
256 1025.40501126319
257 1013.16751562212
258 1037.26750392484
259 1020.69292426759
260 1028.87227065429
261 1018.42694861512
262 1017.44040808261
263 1012.9382101114
264 1018.49515330937
265 1030.30171269215
266 1017.62181553796
267 1016.78761373424
268 1012.9325280289
269 1013.08788596421
270 1007.46694085845
271 1010.11306496052
272 1019.01636512591
273 1011.72901795834
274 1010.73100767558
275 1008.6156271558
276 1003.23099010379
277 1011.40600289622
278 1011.87959094716
279 1022.72203355455
280 1017.49926418613
281 1008.00397322189
282 1017.55049925052
283 1021.86321698078
284 1013.52024480838
285 1007.08593493395
286 1008.28948557776
287 1008.69686770088
288 1014.60357202388
289 1008.38162836087
290 1014.95170379922
291 1068.73641217059
292 1062.28758139029
293 920.887414047
294 924.884689516401
295 1084.02925823853
296 1110.99361037606
297 1108.64701842043
298 1132.2086626755
299 1221.49035032388
300 1450.6325801562
301 1444.49124235724
302 1445.52396901933
303 1445.98111568751
304 1390.87938057149
305 1392.02600834672
306 1565.20922225377
307 1439.74793573101
308 1438.44372604998
309 1243.41679437374
310 1245.59875486021
311 1287.53537609157
312 1461.88311499106
313 1535.29358494833
314 1388.92162224751
315 1387.60385048996
316 1181.6684070751
317 1180.86282367151
318 1280.22907324861
319 1094.05461432137
320 1091.12845097156
321 1037.56706921383
322 1038.89997264737
323 1207.64982742442
324 1276.58312736997
325 1246.73364797596
326 1249.22358617812
327 1209.56101686436
328 1207.61477083204
329 1186.74204119672
330 1183.67090817323
331 1051.5020441072
332 1157.72578232558
333 1189.30944239614
334 1190.63277369928
335 1216.97724123384
336 1257.7374056197
337 1345.9039010256
338 1272.84782241219
339 1268.52646214675
340 1258.43943430803
341 1256.72463239711
342 1256.58074658846
343 1262.91992701707
344 1309.36718482297
345 1366.78346544623
346 1270.91051145213
347 1271.47728620195
348 1337.12214051649
349 1247.3538350181
350 1249.37731988022
351 1244.0437083001
352 1239.97538123072
353 1303.1742207468
354 1239.59683042143
355 1238.41029562709
356 1081.90421609922
357 1090.62265900725
358 1149.79600035066
359 1235.77295510664
360 1267.56569024473
361 1233.00431764869
362 1229.76076198198
363 1156.26663215804
364 1154.22708630096
365 1104.20740680716
366 1100.83909585635
367 1102.21122407012
368 1078.42380820927
369 1079.724926173
370 1222.55170346964
371 1084.49745229959
372 1082.51911845758
373 925.071025159507
374 1084.47465016527
375 1134.10825173691
376 1264.05578259822
377 1305.45625027139
378 1383.26892467362
379 1419.74620069673
380 1474.99130207637
381 1304.49982159425
382 1304.82999848964
383 1272.1361774834
384 1268.33024800134
385 1228.63852251559
386 1225.85712244382
387 1183.69299606422
388 1185.42373008452
389 1227.92253194758
390 1178.87389542034
391 1180.27794134632
392 1181.58041039526
393 1182.12488138494
394 1227.41641152905
395 1141.25540162773
396 1145.07824714528
397 1185.5230246864
398 1157.32013098851
399 1153.42098701356
400 1152.90045265924
401 1135.1180977511
402 1138.71749264436
403 1170.706178938
404 1162.43316986054
405 1234.14292239667
406 1129.41791611096
407 1125.61586911581
408 1104.31871947927
409 1192.98316247976
410 1204.11619201917
411 1270.07686980077
412 1225.40371338271
413 1220.16822930054
414 1224.14952322305
415 1284.97055430702
416 1380.5265846854
417 1344.76330189366
418 1342.26695462832
419 1260.9040198154
420 1268.22990745223
421 1314.30091570589
422 1326.50940683914
423 1245.11634075943
424 1258.0682313008
425 1361.83177134944
426 1573.29738244307
427 1605.81129516219
428 1427.47250409059
429 1424.76427918427
430 1311.61186756436
431 1314.82937336921
432 1366.36409675325
433 1286.34321612831
434 1287.03103061814
435 1256.06627884627
436 1258.16228320562
437 1345.95022978472
438 1528.27810581264
439 1159.79754151279
440 1383.97500714837
441 1313.13500108089
442 1309.96276134847
443 1310.34973098131
444 1115.8309424833
445 1114.96926835753
446 1146.31334421917
447 1106.32041811161
448 1103.85757594897
449 1094.1671636352
450 1193.76459757119
451 1420.48929049505
452 1290.27765805617
453 1168.23094508787
454 1287.7749392144
455 1090.74620423806
456 1087.45973559227
457 1089.00654017081
458 1061.07430744538
459 1061.86867642165
460 1062.65935721129
461 1076.64455173622
462 1257.65407145187
463 1230.3333397388
464 1231.16586305144
465 1207.36956222075
466 1206.93367941686
467 1050.43287657655
468 1054.74544983668
469 1204.60532427939
470 1223.03821927975
471 1187.88995449727
472 1185.70731585564
473 1030.0427671837
474 1034.08284699671
475 1062.20528807768
476 1038.55765433088
477 1194.92434143586
478 1168.86976863065
479 1171.33398254406
480 1121.39454415431
481 1124.60787464509
482 1137.41973782312
483 1132.22497324127
484 1138.59159601326
485 1122.13799773783
486 1127.95374246504
487 1122.18214551455
488 1121.42171548239
489 1124.87546564234
490 1122.8271573399
491 1178.76554541977
492 1167.91894604527
493 1168.05049595742
494 1192.86824173594
495 1068.1675758629
496 1068.16735538996
497 1097.37896726109
498 1096.83597977272
499 1155.70783421716
500 1264.38031912072
501 1531.94598336414
502 1563.54792188493
503 1571.95871086589
504 1384.85486104035
505 1386.27111723862
506 1546.02212619285
507 1362.27711300405
508 1362.0264297384
509 1407.99299112727
510 1558.73753964578
511 1566.11402119552
512 1460.28124559241
513 1463.40551760672
514 1174.22583708846
515 1396.0513848803
516 1553.11616315246
517 1395.24770119689
518 1397.31508702764
519 1392.25302503806
520 1346.78668209956
521 1348.95690936143
522 1328.20134108863
523 1329.23682463704
524 1364.6778329157
525 1303.68020324998
526 1303.31181616898
527 1250.62430874728
528 1251.60996627235
529 1266.58428947319
530 1363.63002859885
531 1258.18000479238
532 1260.51886441467
533 1346.41288790632
534 1455.42754492199
535 1191.37560693663
536 1185.07068275081
537 1187.84400322582
538 1367.73416615159
539 1262.08620100458
540 1261.85974389826
541 1263.53952193737
542 1204.01637627962
543 1208.20460334949
544 1204.92776170753
545 1205.04078826314
546 1268.7835671144
547 1399.42210522122
548 1498.08659632718
549 1296.31820323494
550 1297.52927344622
551 1407.90794173445
552 1235.97185389429
553 1235.95865913081
554 1070.96294915332
555 1068.78388957749
556 1285.23111203674
557 1345.8419243068
558 1386.14048376243
559 1506.17123887603
560 1288.0034862335
561 1298.01628906486
562 1530.76647748926
563 1529.95031308843
564 1388.52909939665
565 1386.78819724817
566 1269.0068472388
567 1266.30272661897
568 1424.13082089605
569 1444.06693216443
570 1491.0603771042
571 1524.20364277747
572 1574.46286208137
573 1608.99912422709
574 1429.29265543571
575 1422.85731162251
576 1193.38515482648
577 1193.99154519943
578 1449.14082452602
579 1585.64162743241
580 1483.43053013967
581 1480.2899980259
582 1482.89017316262
583 1492.7254651004
584 1550.74272236397
585 1327.78111983762
586 1322.83719145079
587 1325.24953603586
588 1485.65019968781
589 1255.408921132
590 1255.83309246152
591 1222.55498656567
592 1218.78658766842
593 1221.04912430824
594 1381.47370889749
595 1504.73120489726
596 1318.02748867646
597 1316.43906776327
598 1353.69873254012
599 1574.18155387563
600 1351.06587391424
601 1350.02030870733
602 1167.67160517606
603 1166.17423850789
604 1139.04902428122
605 1137.83047329223
606 1241.16483316525
607 1318.82297926747
608 1174.12113042169
609 1171.18010448119
610 1190.47704989622
611 1225.73270778116
612 1241.11915949559
613 1192.82786901742
614 1190.87066664953
615 1192.79457272496
616 1214.85584746784
617 1216.86790792929
618 1202.22534595992
619 1200.10761057414
620 1175.68157956153
621 1177.2854693469
622 1165.98504603903
623 1389.31379908102
624 1525.40149124256
625 1347.09421909666
626 1347.37152045091
627 1282.08146245966
628 1284.0486759928
629 1277.39406516539
630 1285.39670827688
631 1255.41159507044
632 1265.17324834634
633 1258.15315207506
634 1264.96435678994
635 1300.18803817674
636 1250.42749178525
637 1252.02911816742
638 1234.55819884213
639 1236.13409917193
640 1290.90330326756
641 1266.85797745635
642 1269.65064383662
643 1298.27066695702
644 1300.68469813211
645 1335.82779571378
646 1456.61306462922
647 1341.59529786291
648 1342.72087815151
649 1487.82950274533
650 1388.47126688796
651 1382.95697669323
652 1381.23681031985
653 1384.79578131439
654 1330.82634870273
655 1344.47393621373
656 1362.74195815991
657 1358.22678925374
658 1342.39837061235
659 1338.94828927903
660 1490.59266761461
661 1556.25491706766
662 1560.49705010545
663 1394.33159783762
664 1395.43366026116
665 1588.59304763911
666 1540.44448322736
667 1541.15104054338
668 1532.61986893164
669 1327.88424533051
670 1326.60263539177
671 1282.2252035627
672 1282.86934205624
673 1293.62282505656
674 1477.52021222696
675 1537.43110798909
676 1559.24408341402
677 1563.91104775247
678 1345.78186274195
679 1202.26563682343
680 1347.36703873572
681 1262.13483348305
682 1261.65920907215
683 1328.0858231784
684 1483.46731135653
685 1337.09109162663
686 1332.81584497238
687 1343.18123892619
688 1328.7310752385
689 1330.8124244374
690 1464.20741712895
691 1509.89579162718
692 1520.12649080161
693 1512.45245671623
694 1508.74673760562
695 1314.53217669859
696 1314.23612090483
697 1389.49499562414
698 1245.15729074386
699 1243.21780034872
700 1120.74512296099
701 1114.39960501405
702 1043.95289694727
703 1048.84366593294
704 1020.08360908545
705 1021.88073858885
706 1063.39007468176
707 1047.54228208273
708 1051.87411142897
709 1119.81702471466
710 1124.34947527894
711 1149.4411257955
712 1136.6028869092
713 1134.42463537312
714 1128.45918898458
715 1140.06879204263
716 1139.25476313523
717 1145.25068494023
718 1122.21855639762
719 1119.33279956608
720 1123.04776533978
721 1112.49200858805
722 1108.52428624152
723 1112.84928757666
724 1134.95058989508
725 1120.45686633961
726 1125.17046168508
727 1147.07239304698
728 1120.35668616117
729 1120.317202354
730 1126.41939170022
731 1025.12878904963
732 1032.58058677906
733 1153.80341785742
734 1062.47556598747
735 1058.62664367399
736 1041.72004065346
737 1036.78639873202
738 1038.25595994699
739 1034.72331557289
740 1019.54703877583
741 1023.02371617085
742 1017.73648416318
743 1021.65071596275
744 1053.21349421269
745 1061.99974590725
746 1046.58172721078
747 1050.93622178727
748 1062.12478057782
749 1044.53067558647
750 1046.91006903282
751 1063.27355435651
752 1056.38899228139
753 1026.09954545309
754 1028.51372125189
755 1035.59548316576
756 1028.28652379449
757 1024.28731679525
758 1023.50485116606
759 1004.04976242343
760 1007.24117242482
761 1025.81114318812
762 1028.5845261234
763 1029.15794102017
764 1007.60608954075
765 1011.00016570616
766 1108.15540058539
767 1102.19574729289
768 1104.44294260183
769 1102.80038150689
770 1098.84630008061
771 1108.8631529579
772 1112.19209832054
773 1124.68710464746
774 1168.25250088239
775 1145.71376295919
776 1146.87743156152
777 1149.92842705527
778 1174.10725596522
779 1181.88232921756
780 1176.15871812326
781 1175.35987301688
782 1159.65802174373
783 1167.28967365579
784 1177.58808108322
785 1131.60435497389
786 1136.60166177351
787 1185.36250888621
788 1155.03684671919
789 1150.59909287762
790 1035.81304889492
791 1036.55346696198
792 1044.89620900062
793 1122.09563443717
794 1121.01208618384
795 1121.87962167679
796 1123.63597853705
797 1133.76684695952
798 1113.19533721537
799 1119.45590352824
800 1125.70505056188
801 1107.84297398042
802 1107.69496133639
803 1111.35703279316
804 1115.6812845977
805 1140.59135383043
806 1132.71048307397
807 1175.53231171299
808 1152.34802175892
809 1152.19753978105
810 1137.3993519178
811 1135.41838146539
812 1017.51976124199
813 1014.85640784409
814 1019.22298039441
815 1118.99323055471
816 1042.75967137069
817 1042.46204214422
818 1052.71103482572
819 1067.81806942619
820 1076.70335367774
821 1097.3077638039
822 1082.00475073229
823 1081.27823988405
824 1079.71012520479
825 1088.78557014398
826 1052.72837785037
827 1121.00013753445
828 1115.59358980033
829 1119.73723789986
830 1106.82525265395
831 1109.71620044846
832 1118.37584866806
833 1112.66777956364
834 1112.10014621179
835 1113.72677896621
836 1107.11534254225
837 1105.10381680534
838 1106.5742533555
839 1106.98940064393
840 1130.49331362474
841 1146.47472324638
842 1143.29334215423
843 1134.46035949436
844 1139.23031853652
845 1137.21018997267
846 1113.7939463141
847 1113.05463050412
848 1127.16144600824
849 1137.6633494258
850 1135.32079156044
851 1136.88386668455
852 1145.56650668983
853 1134.17644817709
854 1134.2766043474
855 1128.74264134837
856 1127.95544428416
857 1101.97298089826
858 1100.52577244934
859 1127.63320402236
860 1114.91263887857
861 1110.68981415126
862 1110.91222289242
863 1103.36707011821
864 1105.98060148607
865 1131.58122577049
866 1137.33523107604
867 1148.76104495022
868 1135.38419464199
869 1135.37943266089
870 1117.2880404674
871 1139.40952854773
872 1114.94474371641
873 1118.37208859921
874 1135.21456681305
875 1120.38991064264
876 1119.87023917433
877 1128.56275997752
878 1129.90012086889
879 1128.09910599528
880 1110.31683652894
881 1110.1701267052
882 1129.64025439081
883 1135.03061542977
884 1137.75642808229
885 1132.09224163983
886 1135.86645677084
887 1109.3042791208
888 1106.79789910901
889 1107.07849785993
890 1117.84928136328
891 1119.8422219287
892 1138.35384835186
893 1132.05724250416
894 1137.44101383025
895 1130.9769877433
896 1131.8382387467
897 1129.96811799043
898 1140.05737211786
899 1122.35285232235
900 1121.05193297436
901 1108.73128120715
902 1118.43064467608
903 1141.02926501446
904 1142.75376370824
905 1137.96917802652
906 1135.88139439619
907 1140.01466987458
908 1148.88066365165
909 1143.26863612349
910 1141.93472474554
911 1139.17173880715
912 1138.45287386576
913 1139.28569881385
914 1117.20012867068
915 1117.74246711845
916 1161.38924822953
917 1179.34718357768
918 1178.56944271138
919 1136.53032836029
920 1138.77296591701
921 1150.94374236905
922 1145.65314817561
923 1142.2882393507
924 1142.11052006881
925 1144.74691311214
926 1149.53597974522
927 1031.41268124151
928 1033.29356745552
929 1119.12787440741
930 1125.52898513744
931 1027.4432297746
932 1025.89183815495
933 1031.57533150604
934 1045.43426214554
935 1054.80428447096
936 1146.70400903469
937 1076.37365876286
938 1079.1683979423
939 1052.72730481844
940 1056.78082625017
941 1132.52371008211
942 1056.65805905089
943 1055.4621785775
944 1059.85425130345
945 1065.81682541721
946 1051.15993214024
947 1053.13164548295
948 1059.8853392838
949 1057.88234998346
950 1050.48238225776
951 1056.49117303984
952 1051.65381507266
953 1054.58757774292
954 1057.69698267232
955 1146.56468231365
956 1050.67090896755
957 1053.34086515039
958 1067.82718680228
959 1135.50029427941
960 1129.33654629059
961 1129.43317319209
962 1128.57699157323
963 1128.2291824782
964 1128.63034836024
965 1131.59732139978
966 1163.5269746492
967 1199.08450950584
968 1168.30882722443
969 1170.23148443011
970 1141.62652465089
971 1139.98399939273
972 1140.24848535202
973 1128.42602338262
974 1127.90744289069
975 1143.46236879263
976 1131.87761753965
977 976.137317796248
978 1132.27480420421
979 1121.52849003355
980 1123.06470069546
981 1027.96116886127
982 1030.93769918729
983 1025.40799541774
984 1026.47277438856
985 1018.58069956396
986 1032.68609347836
987 1036.31042830109
988 1045.10562482508
989 1053.9552514612
990 1034.72765145551
991 1037.50418153981
992 1056.97538331485
993 1055.02090656197
994 1050.85886420391
995 1053.84239870854
996 1051.29071840308
997 1055.21672494984
998 1053.14238594303
999 1051.17304505259
1000 1050.51827078175
1001 1049.37840493717
1002 1049.30195307358
1003 1029.00216176644
1004 1034.31072435418
1005 1025.15480678643
1006 1023.11661899117
1007 1023.99513455487
1008 1023.15816252687
1009 1024.17130797109
1010 1014.12641813384
1011 1027.35218004732
1012 1042.45265421291
1013 1021.89878842696
1014 1023.42600850073
1015 1011.79395195929
1016 1014.1183934842
1017 1021.61515067181
1018 1018.88038917794
1019 1018.31184082109
1020 1021.15266760092
1021 1029.14017754898
1022 1024.19371503489
1023 1020.65487036707
1024 1021.61090292887
1025 1007.0267686327
1026 1007.16707013291
1027 1003.83702000241
1028 1009.38618701297
1029 1009.94546774849
1030 1021.14719119562
1031 1016.54777277692
1032 1020.62469456219
1033 1032.05256754168
1034 1039.03540964152
1035 1051.96770053799
1036 1025.08643468403
1037 1026.70477523597
1038 1112.24805391498
1039 1110.60060059469
1040 1097.30210820928
1041 1095.94997305131
1042 1096.0069137955
1043 1089.66674164717
1044 1091.16777440407
1045 995.289388335321
1046 993.726338685895
1047 995.535097027606
1048 999.869795112517
1049 1012.25083771383
1050 1002.09413262145
1051 1000.10224383753
1052 1002.38156686966
1053 993.11340720041
1054 993.446137876837
1055 989.072848605875
1056 990.095538340673
1057 993.799856485904
1058 997.349891431366
1059 1105.40353835305
1060 1109.1797114287
1061 1125.94247869087
1062 1122.5163937034
1063 1120.51189043384
1064 1125.41886320593
1065 1124.55511268723
1066 1130.96860349809
1067 1035.0989584294
1068 1037.37213780812
1069 1027.03148349601
1070 1023.63432277566
1071 1028.34009271765
1072 1143.88942285568
1073 1143.50235648514
1074 1138.26885818365
1075 1140.58548197359
1076 1131.82780422139
1077 1127.73960913593
1078 1128.87190394028
1079 1125.54697613644
1080 1129.00979428865
1081 1040.49447548563
1082 1040.57141138119
1083 1046.1856672158
1084 1038.05784538072
1085 1039.11613197616
1086 1029.92681947528
1087 1032.08070626174
1088 1058.22625799319
1089 1064.47011615342
1090 1079.35645589099
1091 1090.35487498061
1092 1163.04836642324
1093 1070.40563808367
1094 1071.66480701704
1095 1070.10105070605
1096 1071.04982735452
1097 1151.35083407361
1098 1063.21699396676
1099 1058.15009946909
1100 1126.16160408544
1101 1119.60814017365
1102 1122.52322446712
1103 1119.48871773947
1104 1123.51979309232
1105 1139.8648710849
1106 1130.27252152639
1107 1127.14542576044
1108 1127.7881891351
1109 1111.88309095457
1110 1108.30931930743
1111 1104.32575725684
1112 1105.19702347666
1113 1093.47256429774
1114 1095.04838571342
1115 1105.10817832736
1116 1007.28205784337
1117 1010.7068773553
1118 1123.92616909939
1119 1126.5097015595
1120 1016.02786670692
1121 1015.89841890273
1122 1024.06604811016
1123 1037.38584245598
1124 1032.99555927337
1125 1035.21280318885
1126 1037.61112196507
1127 1036.61980495207
1128 1035.3267643559
1129 1036.53502900714
1130 1106.35126523799
1131 1092.53290286437
1132 1092.20983404542
1133 1007.72899666076
1134 1008.92116462815
1135 1021.17669707138
1136 1006.74519016415
1137 1008.36000888628
1138 1002.09515578046
1139 994.842988293368
1140 999.250783910343
1141 1010.80755885267
1142 1030.30870352454
1143 1046.99101880144
1144 1032.7385087191
1145 1033.25373195752
1146 1027.34291311799
1147 1027.10385781172
1148 1048.05497340726
1149 1035.33237316248
1150 1030.51176072825
1151 1030.88770551669
1152 1013.46867275767
1153 1009.77172878915
1154 1016.81857633278
1155 1042.11519146934
1156 1033.30206239225
1157 1033.65743386906
1158 1008.09429203187
1159 1008.73649573232
1160 1019.91624279895
1161 1001.49526982035
1162 1001.11164739056
1163 991.967936836704
1164 996.466551677248
1165 1008.63976989938
1166 1000.72528546184
1167 1003.9180194439
1168 1013.9700141189
1169 1016.83256643544
1170 1033.69690196376
1171 1020.31327601404
1172 1018.6989449704
1173 999.197326468264
1174 1003.24050223478
1175 1023.1815302291
1176 1034.801399089
1177 1034.89666602938
1178 1038.8553993228
1179 1043.66331037779
1180 1049.90945729794
1181 1037.01175637964
1182 1033.7063060621
1183 1035.03531331131
1184 1037.16546113454
1185 1018.78365127908
1186 1021.04856336833
1187 1022.03746046889
1188 1017.42629332561
1189 1014.62605079364
1190 1020.62544021767
1191 1028.87548758136
1192 1027.83642385166
1193 1150.88603715008
1194 1134.00215555032
1195 1118.20263228068
1196 1113.02619689788
1197 1016.94490983679
1198 1028.54127871523
1199 1028.53144076042
1200 1037.298061002
1201 1043.24767945198
1202 1022.24325301168
1203 1022.63858090051
1204 1032.78878046585
1205 1044.00219712454
1206 1066.78096571727
1207 1082.61241442351
1208 1047.10371561631
1209 1051.92391558274
1210 1055.94854604114
1211 1068.0577611262
1212 1047.34898391166
1213 1043.60120325853
1214 1051.44714303778
1215 1075.64360933095
1216 1084.1278743416
1217 1022.80922951951
1218 1027.47410373804
1219 1054.3795146694
1220 1032.11470156179
1221 1035.93188852787
1222 1044.85651150754
1223 1025.00927167562
1224 1027.97178208718
1225 1020.50571017795
1226 1021.28535452331
1227 1038.268628113
1228 1049.18062013702
1229 1080.72476070561
1230 1109.70882044691
1231 1101.05147381787
1232 1100.82341672029
1233 1105.25212223554
1234 1093.78463470053
1235 1094.95226324615
1236 1091.97887826394
1237 1093.08917284216
1238 1095.59931831119
1239 1071.93713769576
1240 1067.3343650081
1241 1064.24526607774
1242 1067.79673683427
1243 1060.84902274374
1244 1058.88045615729
1245 1050.02449259423
1246 1050.31514940567
1247 981.415135131413
1248 1037.17541474681
1249 1024.87954944618
1250 1029.04279236983
1251 1042.31733959149
1252 1032.70796116418
1253 1033.27991964912
1254 1024.80612701847
1255 1023.24824448183
1256 1024.3645793959
1257 1023.30048027057
1258 1023.77372031252
1259 1031.28468309946
1260 1022.69980905758
1261 1025.6905014945
1262 1042.14478738031
1263 1041.89332049197
1264 1055.20225848442
1265 1049.09154324084
1266 1050.31580357104
1267 1051.40077539223
1268 1062.82757194397
1269 1073.77512923032
1270 1059.53567371901
1271 1061.91000290735
1272 1053.80319725952
1273 1057.08698309476
1274 1078.97183706384
1275 1058.05658263738
1276 1058.19320939237
1277 1073.22325858792
1278 1075.24051679864
1279 1051.59702000609
1280 1052.23157376306
1281 1065.27617457029
1282 1066.51104250543
1283 1081.70281450195
1284 1085.99646170772
1285 1086.0261341869
1286 1063.28298786958
1287 1062.59956055453
1288 1078.4246038788
1289 1059.88851262637
1290 1059.6104237273
1291 1062.99373907961
1292 1065.8388058877
1293 1098.1006603719
1294 1103.50983623225
1295 1098.5998742884
1296 1094.76140858827
1297 1095.11638489453
1298 1091.23600379028
1299 1096.09306134558
1300 1094.51541653621
1301 1090.54458561885
1302 1093.22539209647
1303 1061.02438498393
1304 1059.0918092238
1305 1058.60948889932
1306 1063.63696182011
1307 1010.77494047638
1308 1069.43830937405
1309 1094.5069660817
1310 1087.42136979762
1311 1085.5624247304
1312 1090.33871029982
1313 1083.10162405586
1314 1083.17221796784
1315 1088.3061207695
1316 1066.39509800942
1317 1062.65897327597
1318 1059.97996394415
1319 1020.05048785796
1320 1020.72267014203
1321 1036.68831974324
1322 1046.62285765039
1323 1028.85530892955
1324 1025.16875210814
1325 1022.1086314921
1326 1028.08323930615
1327 1068.27439986006
1328 1052.83418063287
1329 1050.80694222776
1330 1053.46531749828
1331 1067.51446560372
1332 1066.54310666521
1333 1065.43939109416
1334 1067.5397343623
1335 1066.35302948886
1336 1068.92385274329
1337 1053.48556288862
1338 1008.68107128286
1339 1056.7346880468
1340 1058.92222749978
1341 1091.47551331899
1342 1062.41026596384
1343 1060.34782160264
1344 1064.84751933466
1345 1071.8513056223
1346 1014.75160099558
1347 1050.03330522728
1348 1049.21133143686
1349 1046.02384160644
1350 1049.4071523905
1351 1048.24354161118
1352 1067.17964434948
1353 1077.93274846585
1354 1079.0648540458
1355 1069.56456311705
1356 1063.78152292614
1357 1062.71855115714
1358 1066.36785952287
1359 1070.18925379179
1360 1080.63892162355
1361 1086.37345432439
1362 1028.44982587234
1363 1081.66143267337
1364 1069.32001134668
1365 1069.34440061365
1366 1061.70589572651
1367 1064.4954301001
1368 1059.19149959974
1369 1056.65456300268
1370 1058.40075300621
1371 1059.08363675571
1372 1034.7026837696
1373 1033.51310907626
1374 1035.3672703775
1375 1042.60976550008
1376 1032.09734498449
1377 1027.31506540729
1378 1029.09306723522
1379 1030.29911609094
1380 1034.57651454609
1381 1007.48913993909
1382 1002.43638815423
1383 1006.4318907741
1384 1026.74628083244
1385 1009.50450232366
1386 987.020225430814
1387 1011.41010348348
1388 1045.17861164665
1389 1060.02424433883
1390 1063.7823461734
1391 1073.62498604705
1392 1067.50335795415
1393 1065.89716070493
1394 1067.83974846149
1395 1054.89735364325
1396 1046.92311685973
1397 1050.82007175755
1398 1062.53589489372
1399 1056.74553497369
1400 1058.45058774169
1401 1067.7883889294
1402 1072.58603597867
1403 1080.21503399607
1404 1056.80524444824
1405 1057.01308730787
1406 1070.17024041877
1407 1086.75724395129
1408 1075.91207544929
1409 1069.46427858279
1410 1072.1037456458
1411 1060.56910302355
1412 1063.48602480325
1413 1078.46097842921
1414 1051.71173590997
1415 1053.19585022759
1416 1073.59739702806
1417 1073.70848388164
1418 1051.69737355653
1419 1051.90135809927
1420 1041.31589424072
1421 1042.85371831577
1422 1046.87904463012
1423 1038.12246617078
1424 1039.10759705276
1425 1037.58665510445
1426 1033.97121154802
1427 1031.29707785369
1428 1033.71974986059
1429 1048.92670155236
1430 1048.91458479852
1431 1036.16799365615
1432 1036.93424250055
1433 1041.43135889344
1434 1055.04484324233
1435 1060.25330946867
1436 1063.83608157705
1437 1045.9059804591
1438 1040.83772821195
1439 1042.72226916993
1440 1053.31420850342
1441 1059.80351717607
1442 1052.19176401002
1443 1052.7376522242
1444 1036.30259972131
1445 1037.16905725845
1446 1065.44770715563
1447 1106.33595544072
1448 1089.16782426823
1449 1092.38473940531
1450 1080.60519933763
1451 1075.64543955144
1452 1070.0395662153
1453 1070.42512254409
1454 1040.0822799407
1455 1045.02019499637
1456 1071.53392542225
1457 1078.28579740848
1458 1062.71460852197
1459 1065.56684253336
1460 1026.3537973869
1461 1073.26213583402
1462 1072.06217928011
1463 1068.99612711945
1464 1067.33829724096
1465 1074.98198735022
1466 1081.76028732991
1467 1064.93513775976
1468 1062.66383696378
1469 1056.03577649244
1470 1053.45472523137
1471 1056.38622305919
1472 1047.50696003709
1473 1050.3421813247
1474 1058.1664693415
1475 1083.59211230591
1476 1052.9552140776
1477 1054.29877416293
1478 1040.31723845962
1479 1035.67231511522
1480 1038.13464729663
1481 1028.15412414134
1482 1028.85838639447
1483 1024.92551904936
1484 1021.88048729959
1485 1025.13049709987
1486 1013.27234273345
1487 1009.48940327304
1488 1007.79841365069
1489 1007.44384248632
1490 1011.72946286037
1491 1045.17381762295
1492 1027.03516370158
1493 1028.79811533335
1494 1037.2457481801
1495 1018.06251329524
1496 1016.18158455408
1497 1023.04101431605
1498 1058.86461627086
1499 1035.84180423038
1500 1036.24048888327
1501 1040.74111883158
1502 1037.98653635134
1503 1031.80616767084
1504 1031.56001943938
1505 1043.38360367733
1506 1052.51008111418
1507 1033.18047122036
1508 1037.50738206778
1509 1051.55179055751
1510 1049.87869893052
1511 1047.70960738271
1512 1048.37350416762
1513 1040.10327659477
1514 1040.6068696857
1515 1078.75355960599
1516 1053.60327936763
1517 1056.76909977107
1518 1067.37971216321
1519 1063.2784935448
1520 1062.79633595744
1521 1047.01176197192
1522 1050.75642489663
1523 1069.04318708485
1524 1059.30229441774
1525 1059.33999073614
1526 1054.91601169962
1527 1050.106741651
1528 1231.72441354787
1529 1210.12967911856
1530 1212.74258878055
1531 1218.37030939046
1532 1228.84803203986
1533 1237.26591877036
1534 1208.06873109288
1535 1205.31828702135
1536 1206.71285743431
1537 1190.92041808316
1538 1186.55014722928
1539 1185.99094672301
1540 1191.67108102385
1541 1191.66268234254
1542 1174.13962212275
1543 1180.12966614553
1544 1180.49094912883
1545 1169.04164603456
1546 1167.81420831455
1547 1169.12579473754
1548 1167.05583530144
1549 1168.82694915398
1550 1171.85088835725
1551 1180.33404141793
1552 1172.6683833703
1553 1173.08379041866
1554 1169.6599777079
1555 1173.789192414
1556 1144.53925533465
1557 1141.55873803881
1558 1140.94102439361
1559 1128.07904118058
1560 1128.78891253562
1561 1135.82936659941
1562 1135.26214354123
1563 1147.3542324034
1564 1134.6949236746
1565 1134.78647248521
1566 1145.39979000468
1567 1147.05717233884
1568 1165.5626339347
1569 1156.512963741
1570 1156.74144204565
1571 1176.85292274231
1572 1162.71146638322
1573 1163.15361734291
1574 1154.66278510311
1575 1147.076664769
1576 1150.82827479931
1577 1144.54899828896
1578 1143.471392604
1579 1143.39136287964
1580 1139.69324232742
1581 1145.57659794243
1582 1160.4297775
1583 1136.77022577085
1584 1134.81201261378
1585 1139.63176475409
1586 1122.369056861
1587 1126.74498909686
1588 1131.9560638948
1589 1120.85932104092
1590 1117.107098888
1591 1117.3678692479
1592 1105.887825334
1593 1109.52686404108
1594 1122.49929105542
1595 1120.14679009711
1596 1118.64767296006
1597 1120.35818308274
1598 1127.1615707464
1599 1144.07379535242
1600 1148.40408403324
1601 1156.26185963402
1602 1156.72256080175
1603 1151.10529335903
1604 1148.71008820847
1605 1152.48317582775
1606 1154.54213597482
1607 1147.72620772965
1608 1140.27384359293
1609 1142.98441468988
1610 1138.37588776413
1611 1136.82437143613
1612 1138.61906065902
1613 1154.17937693492
1614 1170.64665398004
1615 1150.52736106965
1616 1149.43764679408
1617 1149.79918262681
1618 1154.9458805208
1619 1152.37612824334
1620 1150.22776503855
1621 1150.16783928315
1622 1124.42985256092
1623 1124.70251737741
1624 1149.34793001808
1625 1135.52706226141
1626 1133.62748943682
1627 1135.35791472264
1628 1127.02653722122
1629 1122.78430443717
1630 1127.81667917679
1631 1170.88965635302
1632 1153.93208608659
1633 1154.05993869832
1634 1114.95572696585
1635 1117.88649344363
1636 1149.23417254705
1637 1146.31548976519
1638 1144.64537419613
1639 1147.0511550012
1640 1148.78641560509
1641 1132.60563613362
1642 1134.91778165753
1643 1169.54302699001
1644 1133.04314538097
1645 1135.75541031299
1646 1138.60956167207
1647 1161.42284705206
1648 1163.52739078142
1649 1129.31351579171
1650 1134.02252436981
1651 1131.43354209556
1652 1134.69802231451
1653 1143.31208081579
1654 1119.71393045497
1655 1122.4204550033
1656 1123.96040663016
1657 1107.78769129098
1658 1107.62733572304
1659 1109.35421703623
1660 1110.79295607788
1661 1110.69906922118
1662 1125.46931331436
1663 1131.8642467737
1664 1131.83805532355
1665 1133.9911089786
1666 1129.63888307395
1667 1132.79655446206
1668 1149.92524837872
1669 1167.84590925876
1670 1160.62728518492
1671 1158.94168799297
1672 1158.37466789761
1673 1039.30541985031
1674 1162.37611011703
1675 1163.39671507478
1676 1148.93288955399
1677 1146.99740144395
1678 1145.71216216431
1679 1143.43407315768
1680 1141.68766447008
1681 1142.08959750231
1682 1140.22009558267
1683 1147.47183520967
1684 1151.98609817483
1685 1134.91152953754
1686 1136.46417771883
1687 1121.22783110878
1688 1122.00373953143
1689 1123.72870863745
1690 1126.56676495536
1691 1135.01654018594
1692 1126.54576070581
1693 1122.11456710439
1694 1124.94096987427
1695 1138.23354009009
1696 1135.32576562063
1697 1134.99246964052
1698 1149.87918354884
1699 1123.99709264929
1700 1128.02939633319
1701 1138.8217685841
1702 1144.70349028684
1703 1134.90722940681
1704 1137.98837860109
1705 1136.47136955669
1706 1139.08601666557
1707 1151.55855989643
1708 1127.02090166799
1709 1125.18299846814
1710 1122.9343242164
1711 1126.35534964644
1712 1134.14246615789
1713 1133.33322777399
1714 1133.60189050063
1715 1162.82513657172
1716 1162.79981494918
1717 1156.39097601036
1718 1152.5669844598
1719 1157.72915702715
1720 1151.99481220924
1721 1149.79384746672
1722 1150.29680540237
1723 1131.02470879371
1724 1133.27867047053
1725 1147.14387024962
1726 1154.37332068968
1727 1140.09644216635
1728 1139.37767716125
1729 1112.46207060463
1730 1164.6143578201
1731 1166.00157746209
1732 1166.90218104085
1733 1176.53791771173
1734 1165.18367510653
1735 1166.61410799284
1736 1193.55230721126
1737 1161.39039963421
1738 1159.40170929596
1739 1159.38020958093
1740 1127.8292158544
1741 1131.47078360684
1742 1154.0966629582
1743 1158.68927636106
1744 1140.69721607895
1745 1145.59045394891
1746 1183.51163965998
1747 1186.62650798321
1748 1177.34946553692
1749 1175.02683439427
1750 1175.22219101777
1751 1149.09169020058
1752 1148.17921647294
1753 1147.86550281987
1754 1148.76724241618
1755 1157.29118424911
1756 1141.77468647533
1757 1144.80384366784
1758 1169.50309025827
1759 1173.35564121043
1760 1193.83812810176
1761 1078.46586015566
1762 1076.97017374762
1763 1062.2677431668
1764 1056.62215979254
1765 1059.0948199441
1766 1057.88663375407
1767 1064.35148291831
1768 1076.40998571165
1769 1061.07139480135
1770 1060.25762882474
1771 1063.89692127931
1772 1067.65610582161
1773 1063.38015683644
1774 1063.54365897467
1775 1068.47270961572
1776 1070.94444004482
1777 1062.92140634427
1778 1064.30085265284
1779 1049.6079381804
1780 1049.50973511659
1781 1062.9693452001
1782 1045.89707724619
1783 1043.21906497491
1784 1045.4760856371
1785 1060.35960918616
1786 1053.73062410675
1787 1050.68583777199
1788 1050.14247563058
1789 1038.10745921462
1790 1097.85182427295
1791 1081.3486265714
1792 1079.98540046939
1793 1083.87035166031
1794 980.548805644348
1795 983.358727246174
1796 997.224421502124
1797 983.203625404989
1798 983.929649684538
1799 968.014271519299
1800 969.325345330929
1801 974.844604533357
1802 959.05970302936
1803 956.722662540339
1804 957.845184711619
1805 955.004523998263
1806 955.001470305243
1807 953.807340977143
1808 955.38848985284
1809 955.230653635431
1810 957.735200462308
1811 1077.41055455244
1812 1120.5132898311
1813 1119.46309892932
1814 1119.69396839087
1815 1024.14081385136
1816 1125.80049867868
1817 1120.25144723498
1818 1119.61222981392
1819 1121.0508504549
1820 1128.08552669702
1821 1122.36495063994
1822 1121.2669083335
1823 1120.27179564396
1824 1119.677000635
1825 1121.38292100308
1826 1133.14275716593
1827 1135.84791541714
1828 1130.91129855929
1829 1130.87330016197
1830 1132.08090493888
1831 1135.99316897894
1832 1133.51403061616
1833 1132.93470831408
1834 1133.64481842176
1835 1134.04573363763
1836 1149.36482294657
1837 1159.32874698017
1838 1154.58228600991
1839 1158.655482515
1840 1161.17510436534
1841 1163.89798094288
1842 1172.32068135303
1843 1159.84621950251
1844 1160.30310754202
1845 1155.84919841518
1846 1153.31586456979
1847 1154.01854458962
1848 1157.32346470004
1849 1161.41318735514
1850 1156.20516348257
1851 1156.71947703057
1852 1169.44896448564
1853 1152.12015398886
1854 1150.81603357235
1855 1152.02371083937
1856 1147.54335601783
1857 1148.53591302482
1858 1161.20381381764
1859 1162.24075095064
1860 1156.39785409862
1861 1155.34769415558
1862 1157.56997963332
1863 1150.7320945343
1864 1151.15363970887
1865 1135.50737574174
1866 1134.18682307783
1867 1135.06812437638
1868 1144.07887583688
1869 1154.47132770594
1870 1149.57349709132
1871 1150.78691751633
1872 1170.5837084244
1873 1151.11791680099
1874 1153.87920913541
1875 1169.76855632489
1876 1189.43570329147
1877 1188.66056080534
1878 1187.44225423403
1879 1189.49009815947
1880 1198.09651958906
1881 1197.82845150357
1882 1197.09356450636
1883 1198.52836143518
1884 1188.64957881474
1885 1185.76663562643
1886 1188.25494509862
1887 1178.02701448453
1888 1177.2796688493
1889 1179.44864077901
1890 1174.82873011206
1891 1172.87707076067
1892 1175.61790494446
1893 1177.29137953926
1894 1174.86088820605
1895 1172.69829531174
1896 1174.16544967555
1897 1175.70095700461
1898 1171.90576067848
1899 1172.80349170578
1900 1158.27496392377
1901 1156.27579066804
1902 1157.26147781742
1903 1158.73824567333
1904 1149.67224687811
1905 1147.08128877415
1906 1147.51771087429
1907 1141.48006310536
1908 1139.79856934026
1909 1139.92233528569
1910 1126.61128126589
1911 1125.52027204532
1912 1125.50749193636
1913 1124.52448450533
1914 1124.20786455173
1915 1127.07836170355
1916 1132.39962613716
1917 1127.92733414335
1918 1127.6080307089
1919 1128.54198729259
1920 1138.77881409279
1921 1131.13187572255
1922 1130.73097937881
1923 1131.30651270981
1924 1141.75256940553
1925 1138.91820140377
1926 1138.7651807294
1927 1140.30191050553
1928 1139.29701175336
1929 1142.10283696279
1930 1150.16953944896
1931 1147.84738965246
1932 1150.83165175858
1933 1153.91187356345
1934 1146.58530044922
1935 1147.36726659388
1936 1143.00260570697
1937 1141.68170890497
1938 1141.82630402899
1939 1135.04634149115
1940 1135.8578320241
1941 1128.05084745972
1942 1126.83113173242
1943 1126.90268459372
1944 1124.83947711608
1945 1124.10016217057
1946 1125.78750032435
1947 1124.99195410347
1948 1085.71681023828
1949 1125.7400537492
1950 1128.53223658289
1951 1126.26627591072
1952 1126.25377558268
1953 1125.64324021093
1954 1125.71974126927
1955 1127.35442534411
1956 1125.87299487767
1957 1124.68536517798
1958 1123.7461581401
1959 1125.49188539925
1960 1127.95209657067
1961 1133.83611898253
1962 1128.94166341989
1963 1130.81332486868
1964 1133.77346932134
1965 1127.99569628357
1966 1129.93743513959
1967 1126.4724553212
1968 1127.11671961842
1969 1128.65966244602
1970 1125.79553785134
1971 1123.79312852971
1972 1124.05233437459
1973 1122.25952089828
1974 1123.70264918936
1975 1121.1199221949
1976 1122.5610820626
1977 1127.92037142605
1978 1126.36041256404
1979 1127.07651684024
1980 1125.99944655311
1981 1127.13642725421
1982 1128.41193391086
1983 1125.1944335666
1984 1126.47948177148
1985 1124.26304513927
1986 1122.75766769225
1987 1123.6917348612
1988 1125.69234557067
1989 1123.9191710983
1990 1125.67996660833
1991 1129.88162448502
1992 1135.4485877061
1993 1131.46556453418
1994 1130.84146685182
1995 1133.32955505273
1996 1137.70019674574
1997 1139.39841924188
1998 1135.77022537681
1999 1135.10670019745
2000 1136.60166914006
2001 1138.73513001898
2002 1141.90330499173
2003 1140.41627127627
2004 1139.22293273939
2005 1141.2641390067
2006 1145.24022083282
2007 1148.32033478489
2008 1149.50639571046
2009 1150.86686934387
2010 1155.7818263097
2011 1161.29255178371
2012 1169.36170011037
2013 1178.0479659105
2014 1181.05645157642
2015 1172.92828692351
2016 1171.2732236271
2017 1171.75299487184
2018 1165.21540225943
2019 1162.780624089
2020 1161.63935501772
2021 1163.77798874224
2022 1171.25224245729
2023 1164.23651537282
2024 1161.39519996809
2025 1161.25213621257
2026 1162.72734580125
2027 1154.28685496144
2028 1154.47338453637
2029 1146.41358352034
2030 1148.62455095667
2031 1145.76623065945
2032 1145.21358294895
2033 1147.17728545812
2034 1038.34474081772
2035 1153.68965802807
2036 1149.922565016
2037 1152.24847596564
2038 1160.11850799915
2039 1169.9585255469
2040 1002.51292178857
2041 1166.39518743214
2042 1160.52043596281
2043 1159.62624282533
2044 1160.9732349299
2045 1169.05273739676
2046 1171.07859097433
2047 1182.74556018538
2048 1190.52454210291
2049 1180.56929033079
2050 1182.15269894549
2051 1194.0032788829
2052 1187.95117789035
2053 1188.80772135925
2054 1185.22230855671
2055 1184.19422932503
2056 1184.53587599248
2057 1175.17025373822
2058 1176.63411708781
2059 1181.83204398002
2060 1173.70999198656
2061 1172.7690017682
2062 1172.17622873191
2063 1171.87911995841
2064 1172.9386847503
2065 1162.72833823057
2066 1163.51248210065
2067 1164.76715026895
2068 1173.25699734271
2069 1183.30378810639
2070 1172.32813670272
2071 1171.53776734346
2072 1174.09250195726
2073 1185.02657219588
2074 1172.91086939418
2075 1171.88821650491
2076 1173.8628539842
2077 1169.35123457026
2078 1168.70220272353
2079 1169.8019820326
2080 1168.36217329048
2081 1171.82900814436
2082 1183.03639001585
2083 1172.22032570091
2084 1172.7633450777
2085 1173.32016049318
2086 1187.48661465672
2087 1183.58447511897
2088 1184.3117035019
2089 1199.5966883439
2090 1202.93929419055
2091 1212.92190686252
2092 1207.5485644366
2093 1206.11149090808
2094 1205.47857809321
2095 1206.2031338314
2096 1190.71914577922
2097 1190.06018057551
2098 1189.07418050942
2099 1188.56172761466
2100 1188.53207892986
2101 1189.30842643175
2102 1201.7707228263
2103 1185.07285274645
2104 1184.429600651
2105 1185.76129443012
2106 1187.6645779794
2107 1176.63255382889
2108 1176.69394619317
2109 1194.9531173022
2110 1150.9817314126
2111 1186.29164957146
2112 1170.0651705971
2113 1171.52660469339
2114 1166.00085258896
2115 1164.14790753158
2116 1164.08845003193
2117 1165.92140113067
2118 1184.02870490276
2119 1183.03214447629
2120 1182.27591382841
2121 1182.79022749077
2122 1181.20364837785
2123 1180.90619091735
2124 1180.8532934767
2125 1180.76938467986
2126 1180.73564777928
2127 1182.52334244336
2128 1185.30907576579
2129 1168.7360760239
2130 1167.04327881888
2131 1168.0538988271
2132 1164.09604720791
2133 1162.72435617908
2134 1163.7181706657
2135 1183.25139491784
2136 1181.96387611616
2137 1181.97281274572
2138 1173.94215396149
2139 1170.78511367365
2140 1171.16739283
2141 1169.25477630073
2142 1170.03986617029
2143 1188.34865548399
2144 1192.06591397495
2145 1193.89964289343
2146 1201.14887814048
2147 1195.1508714473
2148 1197.24237960908
2149 1206.61754138396
2150 1200.99413172659
2151 1202.07026772132
2152 1191.08296695093
2153 1191.98866096323
2154 1203.83075696969
2155 1202.6208296394
2156 1202.19750746705
2157 1202.31843337037
2158 1188.79963327746
2159 1192.0280209129
2160 1201.63443282369
2161 1204.77766917454
2162 1205.53396604016
2163 1208.82828129236
2164 1204.27834518612
2165 1204.6316678026
2166 1204.27438697538
2167 1203.44480873565
2168 1205.44095134673
2169 1200.40398143423
2170 1203.01336453694
2171 1213.97272189262
2172 1215.0856402039
2173 1212.6562077383
2174 1211.22950946537
2175 1214.10244151881
2176 1223.04642448943
2177 1204.01007068906
2178 1206.0460048714
2179 1209.04990002554
2180 1204.74428749098
2181 1202.9775607687
2182 1204.69868408647
2183 1211.569746144
2184 1208.58505859459
2185 1210.37400737488
2186 1208.32971201088
2187 1209.61351859895
2188 1201.99490782481
2189 1201.65197183289
2190 1200.75539748606
2191 1199.82581730497
2192 1199.08739304884
2193 1200.820899494
2194 1204.83158467696
2195 1190.80482936887
2196 1189.03567118593
2197 1189.95933285649
2198 1200.587758163
2199 1190.52753977965
2200 1192.23871664154
2201 1200.58862747835
2202 1188.20973313169
2203 1189.77005818128
2204 1199.80634991808
2205 1201.2298893678
2206 1193.88524490861
2207 1193.30398591937
2208 1193.61897910126
2209 1178.95709555184
2210 1178.12641277824
2211 1177.18146953307
2212 1178.51827211835
2213 1184.30644674672
2214 1184.64369968364
2215 1196.04597697758
2216 1180.21611199889
2217 1181.78833309041
2218 1195.40370407277
2219 1194.5888271294
2220 1192.05510014419
2221 1192.82399522831
2222 1182.32342736075
2223 1181.61219214858
2224 1181.37349392691
2225 1181.80006202949
2226 1180.93344609879
2227 1178.96340372412
2228 1179.59824082962
2229 1179.45941654767
2230 1179.58992789037
2231 1189.55259868892
2232 1174.7617645037
2233 1175.58436799101
2234 1184.19135017321
2235 1191.73086064215
2236 1200.78852998036
2237 1189.77904974211
2238 1189.58598143656
2239 1189.00676766968
2240 1189.30971185303
2241 1202.08459780271
2242 1198.81455762614
2243 1200.08202996553
2244 1187.71170416321
2245 1187.70283993929
2246 1186.43993291109
2247 1186.60093601988
2248 1182.55370219824
2249 1183.60059768579
2250 1188.54193652767
2251 1185.84063964864
2252 1185.91715456044
2253 1194.78291693633
2254 1189.14278851066
2255 1186.72316238719
2256 1187.20258187117
2257 1172.06446996505
2258 1173.74493067601
2259 1173.44970998741
2260 1172.87614670452
2261 1171.95918694195
2262 1173.3095904348
2263 1175.09711178215
2264 1165.84565857763
2265 1164.77109790142
2266 1164.9973427006
2267 1159.76829482273
2268 1162.23343686335
2269 1169.29167994425
2270 1166.71674011708
2271 1166.15315049887
2272 1165.69662062112
2273 1164.78623363006
2274 1166.27314513203
2275 1170.59470857407
2276 1167.75061066636
2277 1170.42581953021
2278 1185.96859520768
2279 1186.55671246527
2280 1185.82102784789
2281 1184.62339527014
2282 1183.80401549043
2283 1185.28575283893
2284 1181.57929377959
2285 1179.97067107038
2286 1179.19197784688
2287 1181.57661263435
2288 1188.21483047769
2289 1195.27382818311
2290 1192.06551061484
2291 1192.21742514314
2292 1180.97552817214
2293 1182.157782269
2294 1192.17508532784
2295 1175.60045042622
2296 1176.70279567224
2297 1181.84204616552
2298 1183.8375