name table_suit
90.42078 -21.79982 8.801913 
0 0 0 
6.001106 3.440184 6.705408 
name kitchen_module
37.10639 -20.29136 20.82425 
0 89.23994 0 
3.167847 4.948643 9.751671 
name sofa
97.33997 -21.71745 28.83679 
0 270 0 
3.341255 3.522552 8.539248 
name tv2
67.43797 -19.17296 40.9252 
0 180 0 
6.5 6.067036 3.380001 
name armchair2
46.05331 -22.82937 6.281454 
0 0 0 
3.65395 2.410633 3.392934 
name chair4
47.25667 -20.82145 33.92963 
0 180 0 
2.206032 4.418549 2.358415 
name soundbox
97.92618 -21.39354 5.263767 
0 270 0 
1.530708 3.846457 1.023623 
