1 1131.33008684553
2 1417.52874830323
3 1455.51041842947
4 1485.45414581331
5 1425.63639800213
6 1415.74974665386
7 1386.60126647651
8 1406.71783560258
9 1357.38725471591
10 1407.15205969079
11 1461.58128265386
12 1437.2667014336
13 1438.5990755086
14 1462.34585593041
15 1579.40403356578
16 1449.42707250805
17 1447.18469992444
18 1426.63869434922
19 1479.83089088172
20 1454.98887034345
21 1449.93172412498
22 1440.40724430779
23 1440.76769379437
24 1482.38976695958
25 1499.07886859084
26 1486.76240598659
27 1193.81029573715
28 1428.83554895462
29 1493.56121145802
30 1360.51220037898
31 1186.43323625178
32 1190.79699365345
33 1183.36330035192
34 1330.69781961161
35 1342.99412860242
36 1429.68111698241
37 1353.08081389802
38 1335.02587825264
39 1341.22412700203
40 1227.88467001522
41 1235.82691993722
42 1258.55846603761
43 1342.48646081217
44 1489.37135569122
45 1549.49145741219
46 1596.18315166209
47 1423.08991760803
48 1423.29976382768
49 1589.19994647467
50 1691.34724616809
51 1294.41908913543
52 1321.79324883842
53 1557.17366101336
54 1395.04309591753
55 1400.67241312124
56 1539.94109737488
57 1684.7776430127
58 1686.98280621034
59 1678.38179194613
60 1692.41664334914
61 1652.99356898756
62 1638.04123297848
63 1625.79137698331
64 1637.85867110409
65 1601.79019158986
66 1602.58515394405
67 1415.53360484311
68 1404.8723589981
69 1406.37909089045
70 1704.03856093385
71 1363.94682739646
72 1367.56324681639
73 1626.77238161997
74 1099.27278361933
75 1086.51934346095
76 1391.30740226057
77 1556.12456226461
78 1260.71365745498
79 1269.12666825718
80 1224.0601781259
81 1202.78099092344
82 1201.30165766904
83 1116.94921445599
84 1124.99477785385
85 1100.71011817703
86 1100.04627573039
87 1472.26118907121
88 1021.52970105729
89 1016.39354974351
90 966.600174948706
91 974.289392045569
92 1121.83281825637
93 1127.53833113807
94 1020.05822175458
95 1027.99341195538
96 1284.48643901135
97 1041.15438338111
98 1032.47768755744
99 1057.50144964636
100 1445.95261321081
101 1323.706021546
102 1324.99193567703
103 1066.87177137483
104 1049.99084527667
105 1053.52701242145
106 1173.12572645433
107 1345.29562427354
108 1397.62855813574
109 1258.68335189726
110 1247.91494253104
111 1242.82375067805
112 1249.10122402714
113 1229.35371164578
114 1233.44330076473
115 1414.402317703
116 1613.76402519219
117 1353.69712967477
118 1367.67745973772
119 1200.81459528958
120 1226.19826080871
121 1285.81711110609
122 1484.46234675864
123 1359.80247541042
124 1368.62489461322
125 1597.12317442761
126 1593.4604349916
127 1476.40596861663
128 1475.06643039445
129 1386.15931902484
130 1397.84000140765
131 1588.75707145596
132 1750.50270739321
133 1698.9205521332
134 1700.37626710149
135 1637.12968544622
136 1647.48934443721
137 1378.54058043183
138 1391.83559219419
139 1770.24445200262
140 1714.41107450452
141 1726.18453104587
142 1815.52940649777
143 1835.46987244216
144 1501.10977706467
145 1487.21732422776
146 1487.78487738719
147 1286.2311568831
148 1297.80986062125
149 1742.86584492354
150 1679.7224404395
151 1695.09561825377
152 1646.69136328563
153 1654.45888121139
154 1706.02532438069
155 1761.81879602338
156 1682.83174561201
157 1686.95448051975
158 1533.71207794406
159 1540.4862647859
160 1667.62784371362
161 1742.65972512478
162 1475.63188718836
163 1452.15503413826
164 1498.91142495824
165 1304.55427903525
166 1302.94581950075
167 1416.41555819288
168 1253.99679620122
169 1240.24746065802
170 1111.38031552295
171 803.239274088151
172 1118.57535175719
173 1600.65654554836
174 1549.18455918659
175 1557.42497622887
176 1500.23248689148
177 1505.65583074981
178 1231.96506661992
179 1245.9789256961
180 1491.69099165028
181 1140.9122172808
182 1128.64987349661
183 1079.54213551365
184 1100.13665615362
185 1208.2655556947
186 1352.57392789296
187 1375.43388636735
188 1250.05745033307
189 1259.47574062753
190 1233.21967931441
191 1214.18161158597
192 1245.76662156919
193 1314.94307722379
194 1523.54095736942
195 1656.64629349366
196 1474.60170814816
197 1480.38064642582
198 1538.83352627416
199 1646.58561014226
200 1620.21485415043
201 1591.64914901894
202 1620.01668783641
203 1512.39642638648
204 1484.9005966085
205 1482.89358685873
206 1394.16182308782
207 1378.68520662604
208 1378.63321470394
209 1521.51431382373
210 1476.77490598991
211 1489.6610117318
212 1407.11945275004
213 1393.54304793885
214 1402.56108100465
215 1422.30530127414
216 1415.5393949581
217 1248.27385614236
218 1274.22992167204
219 1433.14132361986
220 1526.81193891902
221 1450.84007669582
222 1450.8871634642
223 1519.2494872681
224 1576.43685754945
225 1788.79401116133
226 1782.89751352205
227 1782.86843729873
228 1716.36376222039
229 1684.50707840873
230 1695.73702942961
231 1759.74345267248
232 1409.0248612253
233 1791.45117279431
234 1711.92849815038
235 1725.05377534373
236 1584.73943916009
237 1584.55922356434
238 1369.76508692516
239 1365.73253582016
240 1580.67086778152
241 1660.14884010837
242 1437.93811943709
243 1448.09656592507
244 1868.94361127456
245 1537.10339899721
246 1553.78919058746
247 1756.5658935626
248 1503.90974122861
249 1501.51734081038
250 1537.4175933835
251 1586.03198720899
252 1537.10304687555
253 1539.15660242512
254 1534.8338191492
255 1766.70458087614
256 1472.90107162765
257 1488.95859960843
258 1548.56750448548
259 1746.6615335171
260 1746.80643229066
261 1727.83622871278
262 1716.50251348458
263 1708.00846508117
264 1706.16752808796
265 1588.84596992475
266 1588.87372191722
267 1533.56479044204
268 1532.47918274669
269 1659.28637830134
270 1430.8839316315
271 1443.19574735356
272 1283.75753462043
273 1293.51402296063
274 1185.22253097152
275 1178.81769018208
276 1194.50615440931
277 1588.18873504257
278 1123.30946595116
279 1117.20342690812
280 1038.89939232598
281 1025.88573419486
282 1067.68933511557
283 1069.92567794666
284 1135.97021872568
285 1025.26808715364
286 1045.35587917278
287 1082.29155426611
288 1544.60586665458
289 1714.04985527463
290 1374.46341894474
291 1369.86055343999
292 1213.10366310899
293 1200.02775673963
294 1233.11549399303
295 1207.87986275926
296 1202.08480323972
297 1192.13090649432
298 1205.24063877615
299 1630.99117237209
300 1709.53931855593
301 1761.28973443509
302 1376.03257360279
303 1349.56404290542
304 1364.26612870441
305 1363.47901586162
306 1348.93127365223
307 1348.08030974797
308 1798.71766097456
309 1539.04689005883
310 1548.36671305001
311 1526.39183504205
312 1510.63501537422
313 1495.4891314915
314 1505.31580347153
315 1298.88445813592
316 1288.33917677354
317 1287.30949559461
318 1118.51725765981
319 1101.88579708708
320 1284.13316199433
321 1401.69178287661
322 1673.39781509728
323 1356.68875032522
324 1367.06103139975
325 1699.70191469296
326 1742.55018697681
327 1700.73263204149
328 1708.03902670329
329 1642.99817232179
330 1662.00502543195
331 1613.67918051285
332 1589.87239205755
333 1582.4234624011
334 1607.70057727443
335 1550.08520431425
336 1541.53577439725
337 1555.86970586379
338 1509.54870261993
339 1516.64884443248
340 1492.64563588073
341 1504.28731990147
342 1468.85504118313
343 1483.39656272116
344 1460.49480364284
345 1479.59210682532
346 1572.78458279701
347 1488.58053609776
348 1505.6041000742
349 1574.58894516323
350 1497.1107863002
351 1501.25769676688
352 1475.80148504387
353 1469.76250896118
354 1475.93772266253
355 1559.6410413755
356 1491.71938628198
357 1475.84089131669
358 1381.47761037209
359 1391.74036492451
360 1529.27691028582
361 1382.5422078208
362 1392.73474638714
363 1336.76740555229
364 1323.32333914962
365 1316.42299547808
366 1327.6102465045
367 1431.88192678163
368 1310.7739126923
369 1298.55628003848
370 1300.82396761986
371 1016.76199200708
372 1025.6892111226
373 1385.05589174716
374 1285.51737955357
375 1283.46348304586
376 1384.64392332901
377 1291.2990022478
378 1301.36525861044
379 1395.08118865086
380 1278.59422139464
381 1288.91716133089
382 1380.39370671487
383 1508.02465330825
384 1278.03575115588
385 1272.24175112139
386 1473.0883706069
387 1397.53322652027
388 1376.75699666666
389 1395.31182188012
390 1716.20594944293
391 1760.97543876972
392 1670.92428731532
393 1673.48900565005
394 1194.48557672356
395 1218.9509623904
396 1783.35746588998
397 1513.88242857073
398 1497.90529425948
399 1382.22186476787
400 1394.29939465938
401 1324.12613290828
402 1306.91205005609
403 1340.23290657832
404 1837.06138858779
405 1828.75891415114
406 1844.03184341974
407 1479.96028800853
408 1481.29786295381
409 1657.13300349511
410 1413.69200014313
411 1396.87414868272
412 1398.10697181832
413 1236.13781759192
414 1214.91248743042
415 1229.91255483235
416 1105.57366232876
417 1135.51569238816
418 1213.00268765623
419 1119.79163178489
420 1116.24097677167
421 1118.77994666038
422 1012.44041191325
423 1033.88944244331
424 1464.02955186935
425 1541.04683605902
426 1541.06334420449
427 1559.43343039383
428 1579.34735571581
429 1635.64933703984
430 1532.91786026691
431 1525.68238138719
432 1528.96864702217
433 1456.54433875972
434 1424.14380584155
435 1431.20915330223
436 1444.79311552846
437 1542.77302687036
438 1080.85083714162
439 1064.92727860669
440 1070.6029896765
441 992.903954458632
442 994.924591757948
443 1081.73819155412
444 1196.0257934921
445 1528.68380451784
446 1272.70747077663
447 1278.23830714673
448 1703.12038424233
449 1346.64651976006
450 1342.47296956449
451 1328.58833294604
452 1359.68370182297
453 1544.63589902687
454 1748.9389291425
455 1530.10931549642
456 1518.4280475952
457 1646.13175103751
458 1410.32920439711
459 1407.18631346693
460 1311.52624855671
461 1324.74736462269
462 1268.27689607604
463 1271.83678110106
464 1613.2010148004
465 1570.46955603824
466 1555.2496745996
467 1543.53068141264
468 1556.41571893627
469 1631.37240648763
470 1739.79068397849
471 1545.53941663214
472 1538.68324176717
473 1546.90094675892
474 1805.91662339792
475 1639.07687208692
476 1640.85335060828
477 1613.05304382911
478 1632.16433160139
479 1252.22298351938
480 1248.6595269912
481 1475.49200609258
482 1238.22177558498
483 1235.26732593135
484 1240.41201156098
485 1312.08198306456
486 1318.06608691471
487 1588.00372617732
488 1379.30644991992
489 1370.55809618609
490 1238.10839939948
491 1249.54895783301
492 1521.46380947847
493 1274.037148432
494 1287.91668677716
495 1355.16698596498
496 1523.50421816402
497 1573.75063626356
498 1466.17217487875
499 1461.74733193395
500 1435.45260967139
501 1454.10896754947
502 1396.6046150886
503 1385.48905492706
504 1337.41362507083
505 1030.6933953421
506 1357.28046299828
507 1455.52152295486
508 1453.25663452404
509 1518.71657957614
510 1446.96170348796
511 1428.87468672422
512 1438.15796581615
513 1354.55651663966
514 1364.70602962671
515 1496.16522809223
516 1483.31669529596
517 1451.38519842283
518 1473.6840874043
519 1455.58412514616
520 1446.46061353876
521 1444.69810948191
522 1460.82194712757
523 1368.5094733636
524 1367.1225698162
525 1327.89144174473
526 1313.93574976239
527 1193.76168991363
528 1200.87237621581
529 1218.84505472571
530 1247.98823287318
531 1359.42539550291
532 1373.99907337028
533 1298.71945925724
534 1303.28800581569
535 1305.45850095221
536 1354.21289888035
537 1225.88746199289
538 1227.35381836862
539 1145.67598654949
540 1153.07513494651
541 1262.86393567946
542 1282.30768328956
543 1375.62988948458
544 1206.22044800026
545 1218.24121683206
546 1129.31390460812
547 1103.05357297802
548 1125.87300826608
549 1049.18824755962
550 1055.84759539524
551 1140.49090468756
552 1020.52771662062
553 1024.30908773725
554 1052.281998903
555 1076.38901622824
556 1098.16467492217
557 1036.36544035676
558 1034.83630936539
559 1017.84202064806
560 1037.84141634788
561 1052.91314123978
562 1155.4785182959
563 1144.24798215179
564 1250.01525329998
565 1225.07382710757
566 1221.82955755616
567 1019.92174012141
568 1153.86137727469
569 1229.08414540181
570 1245.43043111081
571 1163.78733336667
572 1149.4660195653
573 1144.02238783577
574 1014.00445375384
575 1003.8683080562
576 1007.05181583931
577 1088.37034376416
578 989.241704389868
579 979.356294411618
580 987.941135631957
581 948.610367368737
582 958.776662435978
583 886.798735205375
584 876.136668962253
585 825.983614966107
586 849.093460018515
587 895.265801610879
588 926.404722966104
589 887.963149888164
590 881.941856763839
591 924.105892702244
592 918.751595767388
593 922.745050758063
594 968.446033010667
595 1039.11634006964
596 1151.29519485952
597 1065.19052475403
598 1051.12731797186
599 1068.60548388473
600 1037.72458576999
601 1039.12828487098
602 1111.45849560988
603 1221.19218105288
604 1284.3293538122
605 915.624518734681
606 1206.6024669083
607 1098.14571338589
608 1102.74393770936
609 1014.68874266662
610 1042.53042698385
611 1010.59144525186
612 996.440820126266
613 995.880418084994
614 938.712749583857
615 930.07342915121
616 949.934165643312
617 1033.09338221543
618 1120.80907203853
619 1178.53794054727
620 1312.08843247825
621 1372.4933637832
622 1340.6874058056
623 1309.5524430438
624 974.761796470759
625 1332.94012682037
626 1361.39096215161
627 1269.89998464199
628 1291.63141710564
629 1358.67381470732
630 1400.44583549075
631 1400.36318253106
632 1376.84833257567
633 1389.39552213611
634 1377.6181745106
635 1366.55146402078
636 1369.16467787992
637 1233.66668200347
638 1218.78719610363
639 1212.77443256478
640 1222.83715551658
641 1117.03551692406
642 725.735327512956
643 1122.39019229999
644 771.957854590469
645 1130.14057371884
646 1164.3935229209
647 1168.08566590529
648 1128.47183395322
649 1118.21879127384
650 1108.12748599943
651 1118.78300216922
652 1072.69428289336
653 1078.31523752883
654 1166.98770231089
655 1099.79094396542
656 1114.60239386895
657 1219.20049502355
658 1318.42727540157
659 1316.61663408646
660 1296.36460091853
661 1312.97161513703
662 1447.58315129625
663 1456.43252334036
664 1307.98724297155
665 1297.03994713952
666 1310.84696375326
667 1250.06754842399
668 1267.15774429877
669 1154.18147756528
670 1168.19938869156
671 1151.79700576438
672 1159.54724377823
673 1269.01389277509
674 1328.85713453846
675 1266.35997963454
676 1282.69328586491
677 1200.6859466089
678 1193.27046142001
679 1197.01705886931
680 1323.86907824732
681 1411.46585607841
682 1340.87559065443
683 1347.72861753085
684 1498.76650270696
685 1470.6889119732
686 1463.99485399855
687 1462.93976893188
688 1480.01389450861
689 1412.52245692554
690 1413.66140736141
691 1269.09537759192
692 1262.75308987801
693 1257.27413573598
694 1265.71631934795
695 1419.45713410513
696 1486.90157221084
697 1463.31041907588
698 1463.34937948936
699 1552.98260535603
700 1414.59518593938
701 1418.25443854617
702 1265.99862590201
703 1280.7750083483
704 1148.10482401829
705 1145.70050616246
706 1153.02570267788
707 1071.05246443987
708 1080.35944776546
709 1039.3359588597
710 1038.02757626828
711 1032.06087929483
712 1045.56495861046
713 1126.85737101741
714 1023.46605971075
715 1045.88483309349
716 1114.73248769967
717 1059.90965661573
718 1050.12483456815
719 1044.76409165619
720 1037.59480440792
721 1043.90090034561
722 1127.66356599505
723 1233.6178634826
724 1248.29942008665
725 1124.64750791274
726 1118.13887539557
727 1107.15374552254
728 1103.40021000271
729 1105.26300086196
730 1010.34371194321
731 1021.5858441301
732 980.626837670412
733 981.141946980851
734 1010.39871351258
735 1030.10024590141
736 1123.7008279619
737 1086.87524943363
738 1084.28629401984
739 1097.32793955814
740 1178.65335260391
741 1088.64226524859
742 1097.37500723849
743 1167.75165541142
744 1308.79785800772
745 1508.67259294743
746 1470.39339247303
747 1465.23319603528
748 1458.96403494435
749 1466.47488667088
750 1500.87388533294
751 1386.72612321448
752 1404.92796807096
753 1533.15828157367
754 1446.83725138154
755 1418.76185866916
756 1434.9937512774
757 1273.65484089778
758 1255.90924390222
759 1246.70446200232
760 1259.86034121949
761 1178.29995419
762 1172.11756757168
763 1166.49171731831
764 1179.36068333237
765 1119.70983241163
766 1110.2929829196
767 1129.97696725577
768 1457.33229318148
769 1025.92278883051
770 1017.39779844367
771 1019.55124744184
772 1298.14427313849
773 1392.2517149247
774 1310.04365898659
775 1306.45506798791
776 1313.87831178363
777 1407.84178780028
778 1552.822997762
779 1660.61965965851
780 1716.00684555419
781 1654.40247384821
782 1654.86619761616
783 1496.36900854348
784 1510.72952195175
785 1665.58447440445
786 1694.97686155895
787 1678.57281843053
788 1670.80940319448
789 1680.06284900385
790 1641.97172012691
791 1646.35825557941
792 1505.8488349485
793 1495.35579124438
794 1490.89539115678
795 1500.26288878025
796 1529.44629780728
797 1384.20866467224
798 1387.8136966394
799 1309.80494033028
800 1317.27598677803
801 1342.88616316589
802 1467.34155885534
803 1586.64775251871
804 1625.39637149182
805 1588.92679662585
806 1587.88267896134
807 1551.36270250116
808 1550.02337219764
809 1551.06746997093
810 1624.01268949035
811 1475.60912038713
812 1467.39897792118
813 1495.22118074992
814 1608.82418437876
815 1543.42602136565
816 1538.44603377856
817 1526.2141395317
818 1529.20421585383
819 1519.58541636496
820 1547.33427091111
821 1642.69935227153
822 1683.25126444216
823 1552.91152985367
824 1544.26370748412
825 1549.80179858866
826 1621.48244712511
827 1505.44312294358
828 1495.27863396542
829 1510.96017394205
830 1385.36034165155
831 1387.40185933337
832 1305.67831987397
833 1302.12634684271
834 1157.30369817774
835 1155.26786971198
836 1308.4689917301
837 1370.01272983996
838 1400.45998872344
839 1331.98138895288
840 1333.18585230538
841 1291.84942099241
842 1263.79120759538
843 1261.10138118466
844 1272.75861083885
845 978.830210913866
846 983.14626106776
847 1253.73788198833
848 1328.59281272815
849 1009.69443423166
850 1007.6358922138
851 1020.66085037498
852 1094.2116919705
853 1082.3032577062
854 1083.8318676247
855 1012.14485018314
856 986.210182628156
857 1016.06314335971
858 1045.75225599502
859 1285.420966376
860 1042.9954432704
861 1034.74077501236
862 1024.81328071595
863 1037.22078917728
864 1446.13606572315
865 1613.56527695045
866 1683.46644697001
867 1598.14945502718
868 1593.69267774649
869 1586.73135691797
870 1600.37382712413
871 1581.29453385682
872 1580.10316430298
873 1181.95858313928
874 1187.17550356382
875 1594.30525936613
876 1715.45672782704
877 1647.24328345001
878 1630.32377614041
879 1646.97115449912
880 1534.24972935236
881 1532.73287220514
882 1514.89670227232
883 1531.55160377683
884 1630.40764873719
885 1566.84358616761
886 1580.72610384056
887 1434.5744700323
888 1435.85108708247
889 1052.20366364667
890 1054.99579316327
891 1118.72868032766
892 1015.35954380405
893 1030.23369090426
894 1107.37764453681
895 1104.15513318698
896 1026.75968334064
897 1115.37543420613
898 1144.02984030447
899 1255.43071511875
900 1154.32308346463
901 1131.4251991992
902 1158.38889934194
903 1605.46506646665
904 1471.66109045056
905 1488.93958955204
906 1646.68143677482
907 1593.18831634767
908 1581.7256106481
909 1586.87210314411
910 1433.06271918333
911 1434.15883443218
912 1339.28616440889
913 1340.70809707091
914 1011.45523458742
915 998.852622126765
916 1013.58426778938
917 1375.45823605637
918 1417.84684216564
919 1586.70967980231
920 1586.39060971926
921 1537.8184158029
922 1543.47311919408
923 1523.12044496563
924 1519.15000280344
925 1497.15159120598
926 1501.45567725129
927 1231.01066470402
928 1413.6895239937
929 1538.30654302895
930 1477.92771480616
931 1476.24069398852
932 1466.03242840535
933 1464.78936281291
934 1466.29254239024
935 1453.69188127797
936 1456.35152601533
937 1512.87731994754
938 1461.74085039433
939 1454.93094782435
940 1454.71457607948
941 1458.11945643143
942 1540.81311578591
943 1405.85330040609
944 1415.39651499378
945 1555.63963957269
946 1446.26652262059
947 1436.14842031036
948 1425.51409736112
949 1439.17818296562
950 1468.2449788644
951 1568.72498790508
952 1616.38942368392
953 1570.95659476663
954 1569.9009659611
955 1525.75252860068
956 1547.33212828572
957 1595.41380943783
958 1460.82344562713
959 1470.32759658974
960 1498.86318734441
961 1411.96354786103
962 1418.2955409192
963 1450.73286368149
964 1594.10787015883
965 1555.26940305154
966 1536.35091135548
967 1546.71208565054
968 1621.87788774478
969 1565.4006712357
970 1576.15274859158
971 1486.02035121811
972 1494.72781316972
973 1467.11650316917
974 1468.23526212303
975 1351.67378344481
976 1359.71628851149
977 1323.49324982438
978 1328.5944636067
979 1444.50844068499
980 1470.7135735552
981 1548.12072968899
982 1611.5999479463
983 1587.18590050907
984 1583.63725568076
985 1583.8722314239
986 1493.74650024732
987 1512.08696006268
988 1518.65970084623
989 1506.4122160797
990 1500.13443235147
991 1514.40378889786
992 1592.81156827025
993 1442.11069603677
994 1432.65499512286
995 1446.44648650039
996 1247.25341492763
997 1469.4425406708
998 1424.91907308344
999 1429.84272492651
1000 1541.68277005068
1001 1531.49987325364
1002 1515.05180817226
1003 1523.96728010093
1004 1632.60996035551
1005 1623.00395495923
1006 1608.31856119946
1007 1612.41132553386
1008 1448.27904633934
1009 1459.27339594203
1010 1598.33016861496
1011 1500.16395333338
1012 1504.16225704989
1013 1659.5898974174
1014 1709.77275412782
1015 1671.63386945371
1016 1678.13788500171
1017 1635.4096640718
1018 1614.86919100545
1019 1624.02343194484
1020 1568.94691721771
1021 1591.24269823753
1022 1599.64764874598
1023 1536.0811749735
1024 1530.5820975011
1025 1534.12408591989
1026 1579.52540449933
1027 1477.25530993228
1028 1487.01980959658
1029 1411.56003347576
1030 1420.63230220343
1031 1533.8534408412
1032 1402.85255888342
1033 1412.0973534596
1034 1486.4517356546
1035 1545.63239711081
1036 1438.49125054613
1037 1413.38586731389
1038 1436.55048223688
1039 1162.93530314125
1040 1167.28381624611
1041 1238.73915376492
1042 1369.19184202772
1043 1269.24521103904
1044 1249.89931735769
1045 1263.15387469266
1046 1173.41817360317
1047 1188.86136871718
1048 1480.52465826581
1049 1177.085537427
1050 1162.45334371886
1051 1166.58482329556
1052 1260.57779140997
1053 1424.70929659251
1054 1630.71578602774
1055 1651.71570036546
1056 1510.14967458618
1057 1522.93082788468
1058 1628.81462676659
1059 1556.69767929523
1060 1544.0895822515
1061 1552.28679224038
1062 1368.03109322983
1063 1359.68507594946
1064 1362.27075669572
1065 1228.01540267767
1066 1219.47648424837
1067 1225.07640013141
1068 1117.74357510176
1069 1126.70282199972
1070 1205.8122882684
1071 1191.76657224525
1072 1176.2263825022
1073 1174.05209089149
1074 1185.22151481299
1075 1086.97677174207
1076 1083.3409879234
1077 1086.67587296328
1078 1163.66528638618
1079 1139.3439617169
1080 1148.21078786568
1081 1518.46210616235
1082 1630.15323562603
1083 1317.49665024037
1084 1328.16250789418
1085 1772.427081881
1086 1279.45772922111
1087 1311.91571986747
1088 1854.78435233262
1089 1746.0410721561
1090 1761.10424538819
1091 1661.98810115408
1092 1671.65496063981
1093 1738.02574731653
1094 1804.87171315592
1095 1903.61282408702
1096 1709.55736685598
1097 1706.9209071893
1098 1693.54112873038
1099 1689.31926021537
1100 1708.80566571928
1101 1820.74509767975
1102 1811.60869907792
1103 1806.30597606907
1104 1809.63148552011
1105 1520.53714178573
1106 1261.16992689341
1107 1509.01111666665
1108 1571.40302242791
1109 1600.95205209188
1110 1745.85705632042
1111 1614.09686224171
1112 1633.72223702107
1113 1629.43256579469
1114 1630.93448463545
1115 1634.00680734264
1116 1649.25518672595
1117 1402.27102391466
1118 1402.20398737358
1119 1258.57604557985
1120 1256.9846272924
1121 1242.7351247819
1122 1246.58548413767
1123 1175.11462543855
1124 1171.66933677208
1125 1163.0389503162
1126 1168.76904849179
1127 1308.88805540387
1128 1484.39174525819
1129 1297.45459026321
1130 1307.280709541
1131 1476.53875133085
1132 1467.77734323106
1133 1447.49516393992
1134 1444.3974716364
1135 1457.69384775401
1136 1271.07955912746
1137 1288.38718482227
1138 1387.8562871441
1139 1728.08470336617
1140 1276.15475498398
1141 1283.71798208033
1142 1184.10008697141
1143 1194.78061464183
1144 1697.28611740552
1145 1587.81184012914
1146 1589.12148171555
1147 1225.32768429358
1148 1222.84902814903
1149 1133.52293344095
1150 1135.33848138406
1151 1215.91190744402
1152 1112.82245336681
1153 1126.7222646556
1154 1035.0218142001
1155 1041.0640554268
1156 1110.1467935736
1157 1088.31863859539
1158 1084.77066350787
1159 1074.07337832829
1160 1099.71499990965
1161 1201.25535105728
1162 1203.5530816366
1163 1311.69326509106
1164 1605.27156402877
1165 1638.42613841291
1166 1507.90192556123
1167 1511.30235362722
1168 1528.98134012127
1169 1514.66556678929
1170 1529.21036488332
1171 1589.61812092513
1172 1578.79046661887
1173 1588.39998505251
1174 1629.49729144714
1175 1593.83164129064
1176 1586.38685088287
1177 1602.74199064009
1178 1625.8578608712
1179 1504.46969795799
1180 1512.91655949617
1181 1653.32957882773
1182 1753.42855931776
1183 1572.00713537829
1184 1567.80789682285
1185 1582.81348626532
1186 1681.26887757034
1187 1635.16584297191
1188 1640.87171799447
1189 1593.61141405117
1190 1590.60880308834
1191 1576.85955887685
1192 1594.00047428358
1193 1625.76507529742
1194 1697.10525468148
1195 1534.45270129027
1196 1548.09698138775
1197 1630.47467069496
1198 1396.96244483928
1199 1405.65944844406
1200 1329.52984196596
1201 1341.5919206433
1202 1294.74081500671
1203 1296.40064476604
1204 1631.20563262378
1205 1695.00846947895
1206 1745.69050008902
1207 1709.2892210341
1208 1696.91115498537
1209 1730.13577691144
1210 1526.52386177233
1211 1486.22335900196
1212 1522.44160235265
1213 1663.99313205197
1214 1415.8088615701
1215 1394.2739424517
1216 1438.62836946729
1217 1602.20254182847
1218 1442.26632785536
1219 1453.47161706185
1220 1358.15607893517
1221 1353.2525015764
1222 1379.7323448036
1223 1558.19103092292
1224 1529.36488020886
1225 1541.77403167119
1226 1489.15262967446
1227 1513.66558909263
1228 1613.54177489927
1229 1501.71945289674
1230 1490.18073288147
1231 1504.08244200005
1232 1465.68983291627
1233 1492.08559904221
1234 1663.35802945992
1235 1786.6431252771
1236 1676.432902586
1237 1683.35859778252
1238 1558.53618947838
1239 1578.44560130499
1240 1636.07871081307
1241 1687.08134861483
1242 1304.04345989023
1243 1284.48018702146
1244 1287.55335491739
1245 1529.91190515174
1246 1516.8447556747
1247 1535.32518576724
1248 1558.81354003025
1249 1379.73604620793
1250 1342.96352602576
1251 1337.36078249508
1252 1378.46313225455
1253 1694.49229551915
1254 1614.72660782325
1255 1574.57645743405
1256 1612.40309008374
1257 1560.21932389336
1258 1577.37267755171
1259 1465.85034037715
1260 1494.30751232916
1261 1809.86225772449
1262 1721.71342169256
1263 1710.50388558159
1264 1725.63540397987
1265 1640.32364209272
1266 1661.9463450699
1267 1589.11229487664
1268 1602.57153900723
1269 1682.53136769526
1270 1242.03069768141
1271 1286.93233375713
1272 1737.05042869013
1273 1472.34208083114
1274 1446.1705846153
1275 1495.41560405804
1276 1736.05448177037
1277 1664.49497003953
1278 1667.11562719253
1279 1749.83124877686
1280 1481.90278214721
1281 1447.07668362233
1282 1474.02232415138
1283 1808.18354762535
1284 1503.64690372696
1285 1474.94439058735
1286 1453.06121884766
1287 1482.93726388451
1288 1656.85714087938
1289 1679.79704058145
1290 1712.03270078768
1291 1158.8871410325
1292 1426.18840074711
1293 999.320055347577
1294 997.481546510092
1295 946.603262286784
1296 974.184228159107
1297 911.627942867055
1298 930.530555387129
1299 1088.81626612751
1300 986.74320800311
1301 1025.4841091255
1302 1481.00870857238
1303 1667.44954662546
1304 1107.48272766434
1305 1115.33258278851
1306 1300.80852454928
1307 1603.06133278097
1308 1507.13337640338
1309 1512.08006921957
1310 1707.36101244336
1311 1652.44031448958
1312 1624.4783199985
1313 1669.63668506581
1314 1550.32291958049
1315 1525.36519536059
1316 1508.31914237269
1317 1532.92570948749
1318 1694.1101270853
1319 1738.89748681964
1320 1245.5692059135
1321 1245.7953107382
1322 1055.44523143067
1323 1087.38219193494
1324 1254.80480146329
1325 1835.80288418663
1326 1589.4184894932
1327 1581.23660864909
1328 1486.7267007083
1329 1581.23524737475
1330 1780.19261645812
1331 1427.13368835787
1332 1459.49079051023
1333 1814.57124379912
1334 1733.65746877999
1335 1718.20935994614
1336 1744.329934462
1337 1759.4756142255
1338 1195.12338798765
1339 1199.168656443
1340 1037.88494167255
1341 1020.0519041317
1342 1042.32880771384
1343 1169.07950080803
1344 1392.40969239439
1345 1272.52923173566
1346 1283.81987095797
1347 1220.11941380036
1348 1210.36291328283
1349 1237.39218001779
1350 1325.55438909253
1351 1164.63086488733
1352 1182.96118723819
1353 1484.27805762079
1354 1709.62776144474
1355 1610.59626505741
1356 1614.24957287675
1357 1385.28619223244
1358 1387.24272039558
1359 1136.55554369037
1360 1142.99480545717
1361 1008.03358076836
1362 979.413811108603
1363 999.021514235459
1364 882.519242163598
1365 923.762845372233
1366 1027.21314039801
1367 907.080812318105
1368 917.587142648758
1369 968.322630985632
1370 893.881743631865
1371 871.612820247603
1372 872.533757800414
1373 768.246016971342
1374 770.407010978294
1375 777.248607754444
1376 771.666333229726
1377 819.263376553027
1378 771.373000569045
1379 791.50404099921
1380 773.151383864213
1381 720.00614814153
1382 721.784535579014
1383 755.522432207073
1384 786.026495029909
1385 774.486562573065
1386 778.60539350997
1387 783.076196069656
1388 833.025246072226
1389 868.037937104148
1390 982.427188901722
1391 970.118382593296
1392 950.122633503042
1393 1001.20446133823
1394 1151.79427858851
1395 1364.57177150466
1396 983.581751251621
1397 1023.94288808197
1398 1064.0827506062
1399 1358.48998354685
1400 1578.16810048047
1401 1842.17914663727
1402 1703.39171058234
1403 1675.85873905919
1404 1679.66376734785
1405 1420.2348803533
1406 1401.59014184286
1407 1406.03438896582
1408 1108.14914993729
1409 1086.0833434735
1410 922.74242837012
1411 1119.84168870454
1412 1323.52210106924
1413 1630.09053848271
1414 1372.13063479845
1415 1369.42774305318
1416 1412.96563167577
1417 1660.10321492699
1418 1826.64743809395
1419 1728.77804580377
1420 1715.87328653569
1421 1708.71958033776
1422 1720.01220617945
1423 1671.42430243765
1424 1638.92206265454
1425 1626.7083833596
1426 1633.13585281258
1427 1546.95845130944
1428 1556.84642090467
1429 1041.31415766575
1430 1054.42801136125
1431 1449.48072735313
1432 1378.03190067734
1433 1398.44365904887
1434 1332.64318976704
1435 1375.28002088573
1436 1562.97022168035
1437 1067.83042207891
1438 1045.37775487189
1439 1017.33656368725
1440 1051.29662969836
1441 1195.58513251838
1442 1422.13145406231
1443 1253.45290984425
1444 1252.25008927582
1445 1277.36569367645
1446 1893.20821758979
1447 1804.85348083416
1448 1814.31352499516
1449 1692.85885178262
1450 1659.93173712723
1451 1691.75687080909
1452 1699.12617553118
1453 1876.04072582726
1454 1749.26634348508
1455 1723.00476255059
1456 1754.61825706352
1457 1694.85892390057
1458 1666.36051303277
1459 1701.9579313383
1460 1639.1584452962
1461 1622.20577472156
1462 1655.81311266445
1463 1564.40076053456
1464 1543.80756094117
1465 1515.55717419938
1466 1560.93326637745
1467 1388.57334887565
1468 1532.92167142697
1469 1529.21925834932
1470 1541.79697215529
1471 1644.19728742342
1472 1411.37315782116
1473 1426.7080641783
1474 1544.19916202067
1475 1778.69059644982
1476 1846.49352543395
1477 1559.68508973096
1478 1558.6780668733
1479 1541.2851358888
1480 1541.89911893644
1481 1113.86004767239
1482 1092.88028583576
1483 1104.45030932221
1484 1321.93397146825
1485 1610.62339102043
1486 1764.03195951295
1487 1539.31332039141
1488 1526.84106419188
1489 1539.49832307915
1490 1780.93919525041
1491 1493.11936170757
1492 1521.55366822574
1493 1764.38348420664
1494 1896.14810565268
1495 1844.72341638012
1496 1880.31562462936
1497 1758.12045221905
1498 1771.14673019828
1499 1506.82187314631
1500 1512.95067350413
1501 1625.66795566897
1502 1312.39565357536
1503 1285.28222775773
1504 1278.27058036263
1505 1276.76767582472
1506 1272.54956347549
1507 1263.08974419123
1508 1309.09461276384
1509 1577.37360578273
1510 1364.9391319817
1511 1352.50966694389
1512 1394.55660603601
1513 1459.4320375161
1514 1737.15248674351
1515 1861.98504081299
1516 1814.61183571273
1517 1824.01799117651
1518 1795.47539882653
1519 1815.34753386524
1520 1676.02841137187
1521 1683.40759981105
1522 1465.37277337143
1523 1431.08993376777
1524 1452.02365447926
1525 1148.72150005192
1526 1141.99861576046
1527 1116.2966287622
1528 1119.13357830511
1529 1123.4484812369
1530 972.344344667951
1531 985.68105912277
1532 966.800777120539
1533 880.857532818927
1534 955.313899189662
1535 976.94561520234
1536 1251.48730072194
1537 1050.56621490724
1538 1049.68047609453
1539 1055.58810921514
1540 1180.435679491
1541 1073.19086202481
1542 1081.98200716973
1543 967.413225896982
1544 963.56248828877
1545 992.444666222879
1546 1430.97736700225
1547 1600.44383632039
1548 1137.94896577072
1549 114