1 5057.2166110198
2 4345.0294183442
3 4474.29350118716
4 4382.46313980928
5 4759.76398323112
6 4655.71724035831
7 4663.47776680845
8 3512.47402850401
9 4351.05464356567
10 3741.88301330899
11 3747.19887174291
12 3518.90250275017
13 3517.23175117851
14 3623.18958019879
15 3638.26276616955
16 3636.15463526953
17 4253.19483370119
18 4504.98421401254
19 4854.12626720476
20 4599.95550311274
21 4529.8872027714
22 4766.33816847406
23 4592.96010075039
24 4764.89327124168
25 4457.57113400353
26 4440.6528467263
27 4601.69069531747
28 4629.6409244592
29 4977.42833366751
30 4606.63526316436
31 4608.32752009185
32 4260.18378152329
33 4532.41599549407
34 4305.95380111826
35 4451.72389210856
36 4453.78561923102
37 4400.40576368378
38 4468.77985837771
39 3314.42568181692
40 4174.58440273481
41 3312.15842130734
42 3297.68062317137
43 4141.30172841659
44 4010.885950275
45 3185.45003124203
46 4020.07610652828
47 4295.93692873716
48 3228.95562447113
49 4027.0696457901
50 4313.42785205512
51 3350.24255994648
52 3390.16480600516
53 4136.65196747837
54 4346.82879348304
55 4251.72553893405
56 4531.06881227236
57 3508.27274953961
58 4327.76518622584
59 3573.71320542093
60 4500.18217517539
61 4876.38629210177
62 4656.51849686677
63 4731.70445522733
64 4566.98570259206
65 4592.13184267161
66 4949.96252391098
67 5385.64360589561
68 4942.95725506698
69 4925.60614851243
70 4590.25338803495
71 4907.70454642504
72 5458.36817652578
73 4755.84476808023
74 4772.70140616328
75 5211.04841185008
76 5843.65999046444
77 5127.70345347025
78 4670.44958736753
79 4864.01772362239
80 4615.98262237662
81 4724.72320012515
82 4640.87324079146
83 4287.63454470953
84 4145.73013419789
85 4324.33202612146
86 4158.83813275401
87 4175.59584034983
88 4032.76921082851
89 4434.19296100412
90 5242.88827293312
91 4741.44957949315
92 4719.99610987426
93 5045.10413074133
94 5585.78733698291
95 5305.16321622087
96 4908.92585079065
97 5250.44109641506
98 4889.35460580315
99 4876.23809188224
100 4567.75185299704
101 4827.79630384511
102 4703.22788334449
103 4900.38276248311
104 5169.91885969815
105 5212.74719466349
106 5887.36694492598
107 5459.43605038207
108 5431.55913722746
109 5227.23180086015
110 4913.37819980198
111 4536.05921757093
112 3394.66537811737
113 4197.87454393551
114 4233.95856490619
115 4400.27022072635
116 4671.65450790488
117 5087.03029879098
118 4717.8295024422
119 4737.54845422601
120 4725.77394739296
121 4422.58806395039
122 4424.58805014576
123 3443.62042874942
124 4284.9234359138
125 3422.1331319367
126 4284.83288528809
127 4696.50728808641
128 3612.16615849198
129 3614.54512240745
130 4496.58526752496
131 4413.57692738902
132 4788.7989184539
133 5213.93504770966
134 5176.6673960038
135 4942.29093152919
136 4976.45608893587
137 5065.76545514704
138 4834.10259762332
139 4814.18280379752
140 3748.50757972473
141 3762.81741761835
142 4767.39055539381
143 3862.25954743535
144 4711.31040707888
145 4858.43365105724
146 4919.10419720587
147 4954.66743513073
148 5211.06792254615
149 5263.95832228716
150 5777.73488548447
151 6273.36394322478
152 6462.46770614631
153 6187.75196694034
154 6178.99244123392
155 5484.5333514876
156 5519.22305783574
157 6261.35656648605
158 7088.16959269696
159 5915.40284140315
160 5928.51707171774
161 5567.44017928301
162 4909.45931321715
163 4922.561617897
164 4505.07968326764
165 4487.74265896996
166 4922.542596049
167 5185.57160305743
168 5821.76029338003
169 6640.37986467114
170 5637.04920883237
171 5656.620785652
172 6824.32018438746
173 6199.55232738438
174 6190.48639777555
175 5598.91253506877
176 4933.12007239345
177 5251.04632675888
178 4975.89592077317
179 5285.94042224796
180 4811.98185574796
181 4792.181990396
182 4460.71241166059
183 4143.46268030838
184 4506.70488444209
185 4606.58007444326
186 3486.78612418503
187 3427.29012121253
188 4474.82713102152
189 3472.89438928446
190 4275.35121560608
191 3362.63886010549
192 4409.64377517585
193 3487.63781480211
194 4304.9787140055
195 3469.35159025589
196 4392.06845784644
197 4529.32199422542
198 3437.39815054941
199 3425.54460488664
200 4199.69271170383
201 3362.79158291781
202 3345.53019647914
203 3416.47573206044
204 4171.1532655549
205 4385.97239308864
206 4699.64477301952
207 4347.21860650195
208 4346.68835190583
209 4115.99763594973
210 4328.84779088235
211 4704.74903412594
212 5181.58151444052
213 5038.27089736435
214 5675.30559973824
215 5524.92348445295
216 5855.1184508463
217 5149.66800335458
218 5134.02258546968
219 4712.7559384064
220 4674.82545201822
221 4922.20549333609
222 4661.20448385949
223 4992.77303216238
224 5028.49628288616
225 4664.60830597487
226 4629.8110369994
227 4479.70407503838
228 3556.59065525746
229 4482.40478518214
230 4690.14834270898
231 5208.60439229093
232 5229.42178645576
233 5184.59887935864
234 4745.74158739885
235 4540.82995964797
236 3213.98790738345
237 4526.33236288984
238 4730.75666669393
239 4395.80410072496
240 4087.06237178397
241 4364.40806925352
242 4344.43979243976
243 4840.09350360716
244 4892.56408491635
245 5287.13506142364
246 5326.30910304096
247 5456.97782676176
248 5869.98745891902
249 7004.33061426944
250 7684.84868082916
251 7692.29729253034
252 7724.55033331237
253 7722.38917965564
254 6062.63823192634
255 6045.53194754157
256 5822.89900833038
257 5127.4182086972
258 5143.73086667697
259 5853.26863305119
260 5153.59829342663
261 5144.2818460548
262 5523.65477567931
263 6987.64228966053
264 5384.30326202777
265 5399.72170160529
266 6022.55649323332
267 5484.54647371299
268 5501.28874751859
269 7536.0847518997
270 7121.40737646506
271 6742.79604243068
272 7035.08339584066
273 7062.19254195883
274 4563.20859663238
275 7038.09902518541
276 7040.31958108299
277 7518.00664329104
278 7474.9235731641
279 5896.08761189408
280 5897.30113824599
281 5134.78810981419
282 5138.88148024838
283 5140.41403487485
284 4307.19110207949
285 4512.44544285382
286 4486.99574663658
287 4270.55163041695
288 4171.87485286642
289 4276.16188280616
290 3907.97663651338
291 2839.16916242436
292 3769.68279063778
293 4000.92655413166
294 3865.46930352207
295 3937.51233244192
296 4269.62548901478
297 4291.32808348078
298 4428.50391272286
299 4549.73377487571
300 5235.42030678529
301 5207.37347885171
302 4608.2927890339
303 4594.25003291768
304 5431.5863318795
305 5425.00400063336
306 4748.45675527177
307 5280.52859813214
308 6211.86637767157
309 5218.45654184123
310 5179.30337659225
311 5209.6767449528
312 5944.08103844214
313 7519.31516590022
314 5717.34553081
315 5714.70906478369
316 6821.88836038234
317 7342.93771678833
318 5854.78595234943
319 5845.38068344009
320 5860.22708417475
321 5646.279236896
322 4852.35731705044
323 4863.05023296689
324 4198.21426531028
325 4191.2513557844
326 3808.76095676215
327 3855.35141899163
328 3826.65882495859
329 3539.19345308939
330 2643.92537723546
331 2553.80025068028
332 3601.93528639738
333 2576.20279154569
334 2111.65423077066
335 3402.63136401573
336 3543.52540975802
337 3606.22228034968
338 2054.48623827545
339 3424.75888076948
340 2080.44747839226
341 3353.2877562822
342 3581.02221902401
343 3320.74330967823
344 3626.07259826733
345 3545.25015191163
346 3809.24364287555
347 3813.60447026694
348 3515.88470057633
349 3466.61202743563
350 2583.38475822251
351 3496.41967698261
352 2593.32129063503
353 3439.75876716567
354 3432.20611281945
355 3660.66440970968
356 3421.37987246445
357 3414.33366885116
358 3765.20957749001
359 3450.61123128787
360 3441.79608102695
361 3522.79250355528
362 3315.71797586672
363 3312.81126990556
364 2457.70874812246
365 3329.12193138461
366 3298.88465098605
367 3481.5996303341
368 3558.46740963433
369 2520.68961755219
370 2505.13230226494
371 3555.85743676829
372 3685.61750536377
373 4017.77732318462
374 3752.40934019611
375 3717.63010786833
376 3498.30705065683
377 3481.01307111013
378 3491.62352443817
379 3637.45372893914
380 2485.81537653261
381 2573.74256382492
382 2728.21076405718
383 2599.40456643786
384 3539.96046491826
385 3549.79144241218
386 3451.4094530443
387 3526.75927496005
388 3773.05107856023
389 3446.64036893439
390 2513.03245277102
391 3335.05183147491
392 2496.25417402772
393 2497.75921280321
394 3266.92839015314
395 2519.83887032401
396 3297.30488229458
397 3423.15159048231
398 3602.48645549314
399 2558.06971792178
400 3390.79392799305
401 3588.82368109066
402 3560.25511155716
403 3915.87508558716
404 3613.51417904393
405 3585.81812177225
406 3832.34164741824
407 3518.9286891501
408 3528.67891218099
409 3333.77647235911
410 3306.79625562888
411 3561.98664264965
412 3536.86635084676
413 3518.37328833084
414 2607.11937431204
415 3549.11990609604
416 3953.26023297839
417 3947.33929478673
418 3702.69066782614
419 3684.04231623591
420 4022.62823402489
421 4038.87272013391
422 4544.07986584088
423 4060.69076306834
424 3682.92145003348
425 3696.38913253227
426 3583.95598291119
427 3789.49621135459
428 4159.14380396036
429 4416.59040614668
430 4852.78137853043
431 5773.84085220546
432 6913.47265838274
433 7356.40028292915
434 7313.66864884697
435 7158.49613983636
436 7168.5283672773
437 6068.92979971126
438 6054.22705408538
439 7370.86812262108
440 5641.29078000829
441 5638.75285529923
442 5647.37085364122
443 5005.51594343471
444 5026.27211101209
445 5289.29149528939
446 6583.61123448885
447 5614.89318131905
448 5631.21755612718
449 4981.28976371031
450 4958.21289436807
451 4363.08133018796
452 4413.56748660255
453 3972.00312551827
454 4398.91095432431
455 4078.51673404328
456 4114.80898172945
457 4049.06971594926
458 4400.12032076483
459 4871.29595178075
460 4789.36050603192
461 4780.01282537941
462 4386.2219080542
463 4174.00841209459
464 4166.79878761949
465 4048.61002302848
466 4088.92615582762
467 4268.05274246581
468 3852.1780717095
469 3848.73018401789
470 4284.56742122491
471 4843.0098930881
472 6197.18677708334
473 7465.36761317937
474 6139.52392801739
475 6146.54805859492
476 6473.31153155315
477 5364.00465101329
478 5389.20966537536
479 7191.47541313323
480 7528.92754792192
481 7598.13512278668
482 7583.77467844971
483 7488.52790520724
484 7555.15959886846
485 7542.96998249838
486 7548.42863560885
487 7431.60830695506
488 7464.88724895932
489 7179.54500040631
490 6136.12206313953
491 6957.32370049433
492 7260.82541550828
493 5638.76564011165
494 5642.76206259998
495 6199.99930514599
496 7391.93718725709
497 7348.63859385764
498 7359.29594036615
499 7373.04985171937
500 6181.38975421399
501 6206.62262523048
502 7361.16758272101
503 7317.6439803666
504 7300.00040274503
505 7289.06842872485
506 7333.32741467791
507 7376.12869908651
508 7346.47718623588
509 7233.30804515153
510 6023.08343560549
511 5729.0464111631
512 5861.97145206394
513 5707.17630486973
514 5733.06921306909
515 5130.63739568414
516 5772.73007446205
517 5062.17404493471
518 5040.6711578801
519 4659.51945151195
520 4587.64227768093
521 4704.36816513875
522 4708.32269791603
523 5353.60112122866
524 7231.3217171098
525 7886.16804555532
526 7457.02942434399
527 7230.76190657137
528 7922.91212710229
529 7899.38506504724
530 7384.04649209274
531 6291.49124310945
532 6381.12622953512
533 7564.85628036294
534 7614.64476587485
535 7869.0277335895
536 7863.47627379613
537 6785.59606541767
538 6761.23679259101
539 7057.04603204778
540 7602.62609051354
541 5984.82999741734
542 5974.82021744635
543 6410.88286980662
544 7896.54635156366
545 6749.12597472928
546 7379.75744507076
547 6283.3454479658
548 6291.48622771098
549 6854.94012426962
550 6868.30165838907
551 7860.39690350833
552 7880.94889149962
553 6145.04706628482
554 6163.7172670583
555 5745.61619866056
556 5705.84031885785
557 5729.3804396376
558 7357.15404872899
559 7925.31163668729
560 7542.83535863598
561 6330.83001491346
562 6272.19284468132
563 6237.81811745361
564 7920.57935716688
565 7883.85665356689
566 7930.47942818343
567 7927.67565767582
568 7813.18501823696
569 7803.88044072606
570 6639.42385917106
571 7958.90124342228
572 6898.85056027811
573 6707.92358804625
574 5603.76660690618
575 5645.54820815507
576 4958.01538724558
577 4959.56323625217
578 4927.22789185919
579 4922.26436269353
580 5691.99436239323
581 6710.64993120114
582 5514.17866117592
583 5531.15162507212
584 5541.1111250482
585 5097.79275893454
586 5060.92523983074
587 5035.56260723015
588 4489.94811609883
589 4509.6029049676
590 4222.40206151716
591 4182.84536290914
592 4499.0271385863
593 4613.40254843305
594 4605.48660081199
595 4502.93372710361
596 4749.65482426329
597 5263.33008102188
598 4735.06930646141
599 4710.89338892293
600 4250.18597315973
601 4275.57300526561
602 3980.90426735781
603 3178.79264485207
604 3224.2427590987
605 4123.84924888435
606 3347.56554107846
607 4134.32720404984
608 4348.03711881147
609 4421.63195366101
610 4728.86239434832
611 5334.37337675126
612 4380.96804013626
613 4668.16355624634
614 5108.19187302882
615 4799.49152567768
616 4790.64105188804
617 4849.25954380465
618 4401.19899975928
619 4450.5790808565
620 4576.10690848124
621 4500.99786873077
622 4299.0288172557
623 4546.89340540656
624 2768.14342801251
625 4312.79285788506
626 4490.25456943994
627 4839.27989146156
628 5241.83626365991
629 5492.60539266435
630 6657.64526488129
631 6683.46870492407
632 5900.33142061885
633 5852.00138104627
634 7286.25345284143
635 8124.42751852737
636 8088.72498325439
637 8031.51939571722
638 7025.36298558765
639 6972.52099460546
640 6973.5296690026
641 6980.88434387494
642 8003.71076795831
643 6797.93427370178
644 6824.5883400108
645 6086.21131599119
646 5468.35681298509
647 6024.13418170286
648 5139.47208280496
649 5169.33400360432
650 4832.42971034967
651 5156.81282954318
652 5821.76505608045
653 5177.0475906568
654 4261.34775669217
655 4880.56814915177
656 4412.90290344804
657 4523.04131726529
658 4939.20732327385
659 4715.371053703
660 4724.45853003681
661 5181.00274722596
662 7511.36411565702
663 8249.91749952985
664 8296.71855109561
665 8321.17275885719
666 8222.6621412258
667 5626.96149633572
668 8189.23449305353
669 8265.21303394223
670 5906.20864774695
671 5917.44162621423
672 5178.79704421784
673 5155.50945290011
674 5061.85467306089
675 3257.83704656851
676 4757.12671485233
677 5088.30752557917
678 5403.84166997138
679 5798.4556282116
680 5779.48505651742
681 6792.12891607658
682 6611.06104759462
683 8217.60357691402
684 6381.35589383394
685 6291.9946832623
686 5589.85531250075
687 5608.62458894779
688 5605.65398346162
689 8004.53302477777
690 8290.47422488101
691 8210.0059526029
692 7013.24621444489
693 7053.05503078852
694 6848.36149077197
695 8352.85669188852
696 6968.42094411202
697 6967.44120740344
698 6978.35615516933
699 7849.70237556265
700 7055.15990161991
701 8405.87708611432
702 8309.03335004614
703 8301.05605291735
704 8454.25264183574
705 8401.63652231341
706 8246.58796309776
707 8180.67391407062
708 8157.63726214956
709 8177.28107086102
710 7264.33796748865
711 6380.85990482565
712 6460.45913408817
713 6064.06102889802
714 6610.94409721511
715 5502.39363698991
716 5510.5357807085
717 5230.8317779846
718 6790.05738829349
719 6204.84256349911
720 5232.91482510792
721 5226.0223596434
722 7898.78240406986
723 5144.75951488752
724 7154.76712452671
725 4995.68153135618
726 6668.16666235589
727 4931.65989408455
728 4933.26910090239
729 7900.56601299895
730 5994.36105609251
731 5955.04921293021
732 5417.99616608177
733 5457.46006040506
734 4883.70772911062
735 4882.59969428176
736 5270.94829505781
737 4710.94040481628
738 4746.57994309554
739 4617.97980304283
740 4840.17376417521
741 4513.18048524848
742 4488.54276135725
743 4697.84763237248
744 4765.6047421794
745 4619.38703398143
746 5035.15038965885
747 4951.25648757184
748 5511.5518621636
749 5628.03580384831
750 6201.5289971828
751 5704.55862532387
752 5301.99660569284
753 5770.77232832105
754 5813.83819823283
755 6405.57698350126
756 5608.16396874365
757 5607.56034675204
758 5808.46140690573
759 6869.85234294116
760 7141.16867853432
761 7417.46171718879
762 6107.93333885511
763 6140.74961895979
764 5646.26851996137
765 5642.36097455558
766 6647.4914700106
767 6648.69359221556
768 6342.16371788877
769 5663.02449792632
770 5689.28230767424
771 6032.76259439454
772 5362.99361543522
773 5396.383345861
774 5379.84478775767
775 5969.25560072065
776 6377.01274111462
777 7823.66356147147
778 8443.33616297369
779 5591.60988360076
780 5586.5671126813
781 8444.08799360973
782 8441.93075085557
783 7937.87125864311
784 5471.58362733656
785 5467.91865140073
786 5575.15021395323
787 8326.36876257408
788 7339.41534140741
789 8377.5675299938
790 8271.05923666201
791 8297.65101493328
792 6868.08305681017
793 6872.16170057217
794 6137.27346622536
795 6127.20647357188
796 5426.88146264321
797 5874.99897429202
798 5362.6780387264
799 5337.53898325824
800 4958.81624196288
801 4951.66121582684
802 4944.76398536887
803 5303.30211585981
804 5325.56665721204
805 5069.63509976931
806 4998.49560433261
807 4781.23676499404
808 4479.15582038672
809 4660.79567208837
810 4399.37372407385
811 4452.54761514235
812 4492.31378876188
813 4712.26208268314
814 3377.63225873375
815 4550.40719582629
816 3687.90334266483
817 4540.47365119588
818 4795.3900433829
819 4606.59661394984
820 4630.35546488775
821 3519.36380108513
822 4371.57966868525
823 4562.67508319007
824 4536.0829488479
825 4369.22503753902
826 4336.52477836182
827 4627.38474982311
828 4729.6762477075
829 4749.50498816147
830 5108.47198442976
831 4378.6066675252
832 4694.81969081112
833 4408.67720498613
834 4644.20559289446
835 4862.24641456207
836 4639.12706144861
837 4652.83131348336
838 4806.963443213
839 5146.17656419954
840 5553.48067200263
841 6185.80907977443
842 7251.22495986686
843 7564.8703355833
844 6416.35409297137
845 6444.59609370004
846 8050.16807964241
847 8366.41092864703
848 8374.82968017699
849 8335.84897687538
850 7063.22362310617
851 7016.58454689241
852 8303.71083663818
853 8273.86404246265
854 8302.75540478552
855 8331.13890723485
856 6987.46127734416
857 7012.26597638409
858 8316.86141455543
859 7695.54371170778
860 7235.09499113558
861 7196.41249156837
862 6342.02333678469
863 6363.47236574359
864 7520.23643389829
865 6043.41989955443
866 6054.63219086331
867 5514.06777142731
868 5501.40301002783
869 5101.9771722322
870 5095.78575816672
871 5081.56631412057
872 5532.77027974313
873 5043.16970831411
874 5199.52494260325
875 5066.0214953984
876 5050.69407720424
877 5559.00691884049
878 6365.90785415832
879 5432.43232291788
880 5432.58362443236
881 5162.3258821217
882 4716.90336089348
883 4882.09381174595
884 5218.14522973653
885 5354.41448261021
886 5680.3631220466
887 5578.4949916711
888 5534.70216400355
889 5527.25965361783
890 5306.85257134461
891 5324.23260141952
892 5999.99295829824
893 6821.7203681936
894 5696.84040655022
895 6042.81583456715
896 6043.13162057855
897 6889.57994834547
898 8181.22548579464
899 8253.39646376543
900 6984.14817718962
901 6992.28922696512
902 5917.0589631267
903 5925.6967003078
904 5203.16896311906
905 5198.97368005086
906 4873.27241688404
907 5195.01694188464
908 5216.56865107695
909 4675.73195831664
910 4717.13017431158
911 5103.63214718009
912 4790.17314981208
913 4787.76593307282
914 5115.18706651624
915 6049.65171342145
916 6753.60897224392
917 6750.65507617892
918 6090.66943923889
919 6817.07195700649
920 6801.5731176151
921 6336.96603059236
922 6299.10467659213
923 6710.82017995302
924 5643.05262175869
925 5037.67498295009
926 5019.08578224277
927 5425.86627181191
928 5790.22273000101
929 5781.858089503
930 5015.06650632296
931 5032.37806020693
932 4785.97209200839
933 4448.43725675421
934 4454.5051603197
935 4412.32921721446
936 4568.06104329661
937 3586.82288569263
938 4425.92566708277
939 4568.92207506688
940 4469.31793476011
941 4849.084715685
942 5296.98917502955
943 5265.00922249066
944 4790.0758016183
945 5369.10111234432
946 6358.77363435471
947 7571.14176668728
948 8197.94933418856
949 7045.48649515828
950 7054.2730392083
951 7056.93961731892
952 6476.23000261001
953 5371.68409096949
954 5345.32949354927
955 6024.2133901223
956 5640.90800368006
957 5645.01705800503
958 6059.80564759998
959 5289.47616540665
960 5292.61411811212
961 6195.93241559119
962 7943.73873153611
963 7941.66820307689
964 7882.86185208722
965 7846.62400797959
966 7542.58904376729
967 7850.1064216471
968 7834.14308040003
969 7849.78259363099
970 7343.64397549512
971 7180.51831227006
972 6983.84400758748
973 7883.33969279741
974 7566.27943564839
975 7072.42828459154
976 7967.2517773893
977 7502.21173195249
978 7488.74074390586
979 7843.05051340933
980 7974.50969811458
981 7904.33330130577
982 7533.31752834825
983 5828.30801770339
984 5882.23024641854
985 6085.17641131841
986 7618.11165608296
987 7880.23410829411
988 6705.65893880468
989 6690.65926376769
990 6522.16707143275
991 5425.56282875145
992 5393.86361560151
993 5604.39891292822
994 6743.33347398008
995 6697.08586806765
996 7819.72958935657
997 6419.10890374359
998 6518.93518951151
999 5569.89122088161
1000 5595.53402459691
1001 6912.27339864824
1002 6209.71822803593
1003 6114.59993118544
1004 7671.68190074113
1005 6553.97481732353
1006 6409.53557987373
1007 7727.18633507295
1008 7861.7142312953
1009 7849.83100556247
1010 7796.40051654877
1011 6366.18459597202
1012 6262.01516732707
1013 6285.85429625135
1014 6253.02692319419
1015 5450.05469865978
1016 5477.64301634123
1017 5274.10175486742
1018 6160.99097734786
1019 5150.41416054133
1020 5111.72689328782
1021 4788.2608415011
1022 4287.63376186457
1023 4295.23221080686
1024 4025.35366129844
1025 4399.66408928957
1026 3813.1078126965
1027 4152.28508411112
1028 4422.82041361296
1029 4730.2913846998
1030 5583.92780074739
1031 4699.7466938938
1032 4719.49843629544
1033 4722.68980914898
1034 4167.19057985854
1035 4217.02151302515
1036 3962.24003528869
1037 3974.61044241759
1038 3981.06037055619
1039 4302.26033257702
1040 4669.88385901363
1041 4115.14111651069
1042 4120.95290655928
1043 4189.36341043888
1044 3914.92091264166
1045 3711.71046575872
1046 3621.98706703259
1047 3906.39837030021
1048 2897.76566831597
1049 2907.6942658111
1050 3797.83271073366
1051 3945.56578978602
1052 4160.3186691986
1053 4304.66493780989
1054 3991.29935922128
1055 4001.40155709626
1056 4255.44043206912
1057 4831.32633194383
1058 4820.73234953312
1059 4432.44530817253
1060 4459.89662533035
1061 4064.23019592014
1062 4593.99912571381
1063 4074.60733084508
1064 3724.17473706253
1065 3858.40427846458
1066 2689.41452631279
1067 3536.1034612933
1068 3581.98912720418
1069 3741.60953121372
1070 3770.66009121128
1071 3716.98916639392
1072 3641.04383485744
1073 3627.90337634882
1074 3713.88352082328
1075 2965.46093285236
1076 2946.55867577818
1077 3815.73007974971
1078 3812.92605650581
1079 3905.43666070739
1080 4196.44764957885
1081 3905.61315335695
1082 3934.80849563944
1083 4238.06246208099
1084 4224.41126374896
1085 4116.5942728078
1086 4474.00215087152
1087 4704.09390597724
1088 5389.16005442478
1089 4944.2484639879
1090 4744.58647094275
1091 5483.20978454729
1092 5453.12622372555
1093 4693.01464576582
1094 4244.81901703463
1095 4237.04074718943
1096 3205.79232210348
1097 3058.83609180044
1098 3112.69314102824
1099 2940.33132127247
1100 3951.52169781608
1101 3004.44716827558
1102 3803.68405370666
1103 4096.58035459257
1104 3980.4870388028
1105 4341.40552882245
1106 4531.21646427079
1107 4563.38791430422
1108 4558.38375505878
1109 5099.56164249137
1110 4481.86920563514
1111 4238.11637992344
1112 4628.05093506467
1113 4555.08061844171
1114 4593.55111428726
1115 4510.01756598052
1116 4741.40116231945
1117 4898.72948624793
1118 5454.38001014704
1119 4982.16983392161
1120 4951.33143371071
1121 4689.12378939325
1122 3271.05421207697
1123 4078.40676146186
1124 4373.50016792444
1125 4374.85439411727
1126 4125.35708573986
1127 3233.77191611254
1128 4105.77291754726
1129 4272.20874788296
1130 4621.27582762718
1131 4242.93664464844
1132 4292.70330825347
1133 4072.7073233102
1134 3218.19441545424
1135 4059.79551640287
1136 3416.2012384493
1137 4523.71190575629
1138 3647.22946132764
1139 3229.1714928884
1140 6040.07165962431
1141 5711.10363450368
1142 5756.52668925117
1143 5199.82969368424
1144 5688.7022840746
1145 5245.76017776873
1146 5211.17919940268
1147 5680.29477826285
1148 5611.50748623497
1149 6568.35200959987
1150 7998.54947336105
1151 8013.58676355712
1152 7923.37067933684
1153 7832.92787611016
1154 7395.45060589526
1155 6897.88773350561
1156 6832.34022306927
1157 5422.42211056439
1158 5437.62316014602
1159 4694.87217649267
1160 4711.08598383109
1161 4484.47090280637
1162 4496.30951129128
1163 4831.86796338681
1164 5590.04684603301
1165 5772.91808562286
1166 7125.04019889152
1167 7178.8742173771
1168 8506.12614327911
1169 7161.73649155065
1170 7143.46675035621
1171 6268.4041523577
1172 6253.37248754361
1173 6982.97870209002
1174 7560.57674660018
1175 6555.74898296036
1176 6010.7932138333
1177 5515.5770761393
1178 5532.60707769924
1179 6506.20298190839
1180 7475.24219068081
1181 8723.32210790788
1182 8732.35204912087
1183 7562.06726691893
1184 6965.46816666237
1185 8697.2804347162
1186 6919.38563993663
1187 6838.69395608314
1188 6095.18910706077
1189 8291.01334263524
1190 8232.7075401778
1191 7938.20033754668
1192 7985.31788127473
1193 8209.53898751589
1194 8185.46572336858
1195 7568.45863394445
1196 7689.58243774388
1197 6191.32606676955
1198 6143.92248462177
1199 7114.19710078173
1200 7115.21118653616
1201 6582.93295602051
1202 5687.26862518507
1203 5661.39847696242
1204 5613.51930352439
1205 5656.06917711331
1206 6336.93420459441
1207 7340.80917209961
1208 8134.27719722228
1209 8086.72989167916
1210 8060.35552010017
1211 7891.49352807998
1212 7908.57217311035
1213 6462.74431356882
1214 6476.18116392688
1215 5644.39480436479
1216 5589.63876981473
1217 5634.73298109368
1218 5159.12520858318
1219 5182.6135740486
1220 4714.54650636672
1221 4702.24035948394
1222 4695.03500981147
1223 4347.35580476934
1224 4562.9523275875
1225 4690.61574821002
1226 4578.30435776539
1227 4562.6692975116
1228 4572.24503537219
1229 4552.64675050896
1230 4543.69325652274
1231 4508.09471194993
1232 4530.77541036357
1233 4636.39625898761
1234 4879.02317518727
1235 4909.10869714549
1236 4485.35307774712
1237 4478.8317423751
1238 4451.4430264631
1239 4466.65406505258
1240 4910.52122229819
1241 4418.9279921277
1242 4468.36164680911
1243 4333.62933507784
1244 3480.31041522002
1245 3455.47008701176
1246 3505.28643122781
1247 3624.39305212369
1248 4519.93935748744
1249 4601.03216122287
1250 4644.99146183111
1251 4581.43287698486
1252 4593.22474063993
1253 4350.72867679991
1254 4284.62380243095
1255 4275.82014883645
1256 4266.90501636774
1257 4291.41699483234
1258 4334.93243600372
1259 4335.95978439258
1260 4409.31713022578
1261 4195.22372718652
1262 4185.94091294027
1263 4207.74792704343
1264 4100.9142594744
1265 3265.88425433633
1266 4086.29121353346
1267 3208.617561902
1268 4170.33830033803
1269 4166.32412528707
1270 4150.37168144626
1271 4161.31076493646
1272 4413.74618336452
1273 4747.94767280334
1274 4449.12455387044
1275 4404.06007517344
1276 4437.01046232569
1277 4965.76543830005
1278 5014.23303949471
1279 5469.07053201105
1280 5019.54128067049
1281 5061.96440679682
1282 5003.17114936072
1283 5089.37380519818
1284 4671.07482687841
1285 4601.94621627867
1286 4679.02981026793
1287 4724.32486007212
1288 4658.43689355531
1289 4616.7225727526
1290 4631.37977472576
1291 5010.29356031074
1292 5258.3808074536
1293 6093.28719240611
1294 5332.72736522182
1295 5288.27323634724
1296 5350.14859671025
1297 5675.66169844188
1298 5834.73854114942
1299 7106.48017652748
1300 7142.70522100072
1301 5644.01398209511
1302 8362.07365776974
1303 7518.17969758496
1304 7521.56627706375
1305 6528.53679741066
1306 4537.42987078799
1307 6538.70109348513
1308 5701.61137229987
1309 5682.47185127946
1310 5698.46739894934
1311 5719.81970887484
1312 5048.11282299133
1313 5133.31871508571
1314 5497.69321783032
1315 4987.90678361451
1316 4993.06009378972
1317 5168.51809678066
1318 4969.40457182332
1319 5065.05404665318
1320 4763.92440480863
1321 4662.43825713546
1322 4762.01350149526
1323 4396.85642611247
1324 4421.074147427
1325 4666.30432342621
1326 4528.03778210155
1327 4490.71625648817
1328 4424.85507902315
1329 4410.02548853329
1330 4502.43450539793
1331 4794.07650272223
1332 4631.57809841498
1333 4656.04655085163
1334 4710.57100529373
1335 4895.66131024921
1336 5336.11780491602
1337 4960.87448460687
1338 4941.80406564145
1339 4524.53109455067
1340 4909.37841225992
1341 5138.28212948109
1342 4949.80520559984
1343 4117.7538204501
1344 4953.15392935874
1345 5397.48886708113
1346 4838.77528975343
1347 4868.67307312459
1348 4996.04956988445
1349 4699.00747348364
1350 4656.82457758326
1351 4680.27743664851
1352 4873.83923244577
1353 4829.77082625627
1354 5125.40733678252
1355 5139.70078754359
1356 5426.16233610903
1357 4962.38935217916
1358 4967.60225542557
1359 3782.33985098923
1360 3770.03984124627
1361 4644.43914877702
1362 4855.87853422685
1363 4706.58468698254
1364 4746.39818570511
1365 4662.08325915332
1366 4674.96778637962
1367 3721.08660214875
1368 4506.45447352145
1369 4610.73013970952
1370 4904.46079807629
1371 4787.60692734419
1372 4649.40027301225
1373 4677.8981154964
1374 3594.52901264781
1375 3681.61542509127
1376 3728.56836406702
1377 4617.44739291053
1378 4609.51333856042
1379 3641.16731646052
1380 3651.0578306403
1381 4702.85227271153
1382 4768.07691169237
1383 4992.10074713141
1384 3719.98237169316
1385 4641.66229661377
1386 5068.2927422404
1387 5613.11953523576
1388 5402.77314280086
1389 5422.84172175765
1390 5103.71563160427
1391 5095.92758624817
1392 5106.31019662518
1393 4837.47623876668
1394 3507.84151241969
1395 4863.68787394396
1396 4794.01283355724
1397 4762.03127224988
1398 4756.66385392581
1399 3882.83651652821
1400 4770.90338662669
1401 4900.82233366538
1402 4767.18473657996
1403 4774.27125432811
1404 4714.8824443712
1405 4832.02462236737
1406 5056.41449772019
1407 5064.31583484292
1408 4764.56469977639
1409 4783.66904302311
1410 4798.30933066755
1411 3916.75188026151
1412 4778.94932159131
1413 4872.89751535285
1414 3729.9403374646
1415 4643.42944327103
1416 4649.17978326436
1417 4731.0919696841
1418 4532.65604608633
1419 3696.38747971501
1420 4502.40211840833
1421 4744.36878654705
1422 4373.17479954456
1423 4394.77792709733
1424 3557.7476042006
1425 3578.31664627589
1426 3644.94154116166
1427 4462.76087028192
1428 4738.62080120042
1429 5084.12414396633
1430 4615.98479407091
1431 4591.69559421832
1432 4602.35523680108
1433 3512.74010795336
1434 4391.63952883377
1435 4528.39484036564
1436 4549.98606213876
1437 4541.84189729795
1438 4567.50300124585
1439 4782.14237853034
1440 4801.01392918488
1441 4830.66395892634
1442 5001.74546971854
1443 4686.11365470176
1444 4743.38859209684
1445 4855.48619855471
1446 5036.26646071117
1447 5337.05296568959
1448 5807.02118783234
1449 5993.20664653126
1450 5458.46342548109
1451 5434.88344296692
1452 5433.9401989284
1453 5410.74278109946
1454 5435.67382392667
1455 5014.84465311086
1456 5045.58316737232
1457 5491.02175938484
1458 6011.32716047614
1459 5600.72454259701
1460 5615.67044922238
1461 6299.34135924944
1462 7269.38482065376
1463 8483.80744873612
1464 8537.75572658874
1465 7243.10204129484
1466 7245.56284334126
1467 8500.43282252234
1468 8449.90286990503
1469 8451.23370999965
1470 6723.00287775177
1471 6774.17465468894
1472 5993.04633356201
1473 5991.50475623261
1474 5968.62004372839
1475 5989.73311401732
1476 7000.36146218429
1477 5957.37900149953
1478 5942.34492186696
1479 5968.95587791074
1480 6186.50679232628
1481 5871.53989462682
1482 5893.96040166839
1483 5491.04473465368
1484 5490.96036845419
1485 6106.06818923296
1486 5676.83913893675
1487 5685.87629411844
1488 5692.65859979473
1489 6458.77559214794
1490 5539.44199913279
1491 5554.69071001789
1492 5064.54321839602
1493 5012.8284399973
1494 5027.03170193494
1495 5357.40742113396
1496 5395.38456951024
1497 4924.77965272482
1498 4914.59994428132
1499 4886.92049333119
1500 4909.31111730292
1501 4892.26553293451
1502 4897.25466940245
1503 4548.07225842442
1504 4539.2339323194
1505 4522.46316709848
1506 4506.25791574224
1507 4542.07764242576
1508 3588.81660102104
1509 3565.44760728338
1510 4412.75753912462
1511 3646.15265167307
1512 4562.64525522912
1513 4823.54059694698
1514 5158.53877756711
1515 4668.22168427692
1516 4646.5653771054
1517 4671.06273178877
1518 5086.45216864234
1519 5665.41920653272
1520 5241.27056709329
1521 5213.4078076651
1522 5218.63506861237
1523 5208.83031150552
1524 5243.42019496145
1525 5440.11835726104
1526 6321.48850592133
1527 7669.44477179588
1528 7868.02885674475
1529 8343.65167049932
1530 8353.84839132473
1531 8369.13089476919
1532 8336.30166866054
1533 8370.65619766682
1534 6753.26576890878
1535 6720.0698401416
1536 6722.14671279258
1537 6708.15509309511
1538 6643.78589930877
1539 6663.97637319827
1540 5714.78128842763
1541 5744.38368298886
1542 6685.21233228794
1543 5617.68615021471
1544 5597.27849259142
1545 5624.53943710243
1546 6736.76674838057
1547 6322.19874669804
1548 6335.52354328725
1549 6044.69551734894
1550 6007.0211586223
1551 6019.79894272329
1552 5497.02326160557
1553 5495.79745000991
1554 5849.89134855086
1555 5159.99265842409
1556 5133.84068892827
1557 5162.43565686218
1558 5881.86377131831
1559 6724.51862277149
1560 8201.6522165641
1561 8205.17145392328
1562 6699.30312511037
1563 6739.38032629241
1564 6737.51761801111
1565 6702.83399513836
1566 6745.14077806106
1567 7806.46106535248
1568 8169.23856268396
1569 6558.95300844446
1570 6594.30107487712
1571 6618.13494581278
1572 8063.98167814197
1573 6608.06153339038
1574 6577.22803790563
1575 6593.41158321254
1576 8104.14665164724
1577 6749.57587404443
1578 6732.97523699383
1579 6742.17448677014
1580 5635.44743745578
1581 5658.35880248206
1582 6154.05649710271
1583 5445.72032016603
1584 5428.83666373854
1585 5395.56047314304
1586 5399.87142997629
1587 5253.31620099353
1588 5253.117054634
1589 5250.08474826521
1590 5244.01721837329
1591 5268.36242684252
1592 6046.73805162931
1593 7040.41228877198
1594 7731.25909490266
1595 6244.30770760446
1596 6257.94234245787
1597 5928.6740636102
1598 5916.56052786955
1599 5902.73484726413
1600 5915.26884442957
1601 5204.04299614058
1602 5201.03935620468
1603 5200.18994257283
1604 4865.53858808275
1605 4818.08100278961
1606 4845.82479531105
1607 5202.60933068161
1608 5571.8886758978
1609 6509.54999597612
1610 7407.58743947835
1611 6747.67728826366
1612 6718.3478866671
1613 6722.67926385223
1614 6749.80771916579
1615 6032.18885052992
1616 6038.71480263893
1617 5576.21503833436
1618 5596.18573266213
1619 6275.31781612232
1620 6450.20203888464
1621 7433.06344939754
1622 6323.66827555639
1623 6326.14887668874
1624 6337.98855595093
1625 7726.42233737745
1626 6454.0914637109
1627 6433.74432405504
1628 6450.55450263779
1629 5548.45626008468
1630 5571.29150895452
1631 6092.61974504036
1632 6197.54332683491
1633 7379.21012022351
1634 8407.26517439934
1635 8406.32661444287
1636 8392.04618142522
1637 8378.06123658786
1638 8405.94190342905
1639 8186.92438205963
1640 8189.01570752895
1641 8382.4211977155
1642 6711.50561256309
1643 6758.06983854821
1644 8421.30901718567
1645 8397.52365707811
1646 8402.30170285702
1647 8417.77465737887
1648 7054.78658788569
1649 7062.59110754196
1650 7071.12623667298
1651 6150.48440171806
1652 6148.80296870383
1653 6182.03618911335
1654 5758.85317732852
1655 5764.12541583761
1656 5193.47738305358
1657 5173.40066905988
1658 5178.5846633366
1659 4823.54132351768
1660 4846.20692959968
1661 3719.52539725709
1662 4614.20877874519
1663 4035.4513924593
1664 4591.70529621983
1665 4728.49121394736
1666 3622.04805449737
1667 4438.02927578064
1668 4710.35621305037
1669 5099.96556995497
1670 5729.12904217819
1671 5287.85254570085
1672 5244.88078259729
1673 5305.1703347475
1674 4981.9372700017
1675 4975.33563582641
1676 5005.86422231424
1677 5280.24513402976
1678 5833.10778432717
1679 6665.96986457233
1680 7809.78561075408
1681 8548.46309648845
1682 8524.25683664845
1683 8532.61316663741
1684 8519.42642597268
1685 8481.16889271716
1686 8516.01918535762
1687 8510.00956999186
1688 8343.58388415328
1689 8507.62622888755
1690 8508.82308303929
1691 8308.1520382126
1692 8400.73451100413
1693 6565.96926805412
1694 6528.24957930058
1695 6514.72665222018
1696 6550.54182311842
1697 6501.83857146992
1698 6617.66285512527
1699 5739.03735620636
1700 5608.37356878401
1701 5745.19192640923
1702 5778.33609518258
1703 5798.47445933913
1704 5979.13733490277
1705 5552.87878601857
1706 5546.868808067
1707 5549.75839092647
1708 5130.85986048877
1709 5162.56807070469
1710 4662.47409443626
1711 4629.24463240975
1712 4632.73227018408
1713 4867.11495763826
1714 5192.1781040277
1715 4824.84765521791
1716 4807.82335132589
1717 4769.26215150028
1718 4799.25983977371
1719 5211.47706375819
1720 5654.96282910219
1721 5663.66455314518
1722 5650.76131722484
1723 5667.16432039305
1724 5005.97866454321
1725 4957.90075998036
1726 4999.92788349853
1727 4613.9190915486
1728 4600.98403065596
1729 4602.00374351974
1730 4779.86172380937
1731 5174.13814401515
1732 5335.07247306762
1733 5304.25081015607
1734 5262.40738984053
1735 5261.93168051169
1736 5296.86401472692
1737 5107.27829303075
1738 5079.54403992228
1739 5081.15183441586
1740 5018.4608909539
1741 5038.80722368365
1742 4697.91493323521
1743 4677.85254542725
1744 4723.50546088801
1745 4385.86699568872
1746 4323.1349058032
1747 3561.52127160067
1748 4332.23084668846
1749 3414.0066346885
1750 4248.37077630364
1751 4472.85498325325
1752 4608.18840892386
1753 4752.01517075875
1754 4854.09023256412
1755 4825.5440218968
1756 4824.26070686508
1757 4911.53949532898
1758 4409.01718462791
1759 4963.1350565196
1760 5565.05467345651
1761 5127.90689956847
1762 5096.2379211643
1763 5130.83695384685
1764 4965.30779869245
1765 4994.21043325507
1766 5201.7204678363
1767 5538.42387296159
1768 5555.12181584397
1769 5353.97631064505
1770 5528.22473719612
1771 5748.72212523317
1772 5680.94824020014
1773 5658.27463051488
1774 5797.81521075475
1775 5176.05957258284
1776 5166.57549935823
1777 5171.13344936311
1778 5160.87753383733
1779 5277.0001872396
1780 5206.06196859106
1781 5202.99183709601
1782 5220.74148343316
1783 5040.9852069525
1784 5005.478358997
1785 5024.48521551773
1786 5522.18631690388
1787 5912.09955580969
1788 6736.15640858875
1789 5952.36574248777
1790 5913.94677566633
1791 5911.73148597303
1792 5920.79909807171
1793 6462.6498086464
1794 5692.8475333169
1795 5703.12557159633
1796 6307.20861102061
1797 6186.20000690551
1798 6265.94765003416
1799 6602.8622800003
1800 5725.77841111304
1801 5693.40941678993
1802 5730.77303527786
1803 5687.93596545131
1804 5719.57870720426
1805 5156.12598789643
1806 5146.18390690243
1807 5152.95361144521
1808 5505.40043220195
1809 5457.38578743707
1810 5452.43272990292
1811 5456.99285155557
1812 4909.94452210299
1813 4978.3588821518
1814 4626.9871103466
1815 4596.97630466795
1816 4621.00244908405
1817 4725.1977079383
1818 4425.86325791205
1819 4422.16663244918
1820 3621.46932443072
1821 4414.30475516183
1822 4719.19792834693
1823 4819.30635562161
1824 5106.16539802422
1825 5270.289581941
1826 4809.50440400871
1827 4801.4185291265
1828 4833.96277397864
1829 5189.60048382648
1830 4869.40346430109
1831 4884.02547668253
1832 5240.36299341918
1833 5609.31138535469
1834 4997.82139152689
1835 5002.29605058939
1836 5082.36871698578
1837 5623.31432460155
1838 6359.99211059032
1839 8084.8520977928
1840 8265.04558594929
1841 8313.1366771784
1842 8364.6357729882
1843 6848.00053460921
1844 6819.34823353197
1845 6864.05266537542
1846 8412.56087543213
1847 8401.41797457509
1848 8372.98538918593
1849 8357.41185975893
1850 8380.14605086003
1851 6640.52584211012
1852 6655.70816381131
1853 5758.45507327169
1854 5789.94888437107
1855 5393.17262282665
1856 5390.86927227952
1857 5660.4914851116
1858 5217.28422278344
1859 5248.43854504214
1860 5797.55512707772
1861 6333.68306262343
1862 7244.86210690751
1863 7273.37694174257
1864 5965.56064039312
1865 6448.11260882612
1866 7547.46569051453
1867 7513.67552478939
1868 7538.55566178325
1869 8650.61507132507
1870 6900.02018307965
1871 6863.49206399144
1872 6861.9802898786
1873 8205.35448082127
1874 7757.35866263471
1875 7751.78003642332
1876 7774.73649764106
1877 8696.60883631898
1878 8166.75620675107
1879 8185.48047455766
1880 7355.4557517813
1881 7328.11652106342
1882 7349.60505719107
1883 6311.81086289846
1884 6300.07792555807
1885 6307.0462651406
1886 7248.09440432342
1887 6241.24714580191
1888 7133.84599422258
1889 8478.71146123476
1890 7308.55684708235
1891 7302.59095426376
1892 7313.16735548012
1893 8546.23073663237
1894 8577.91861508955
1895 7330.88776706148
1896 7301.48103033916
1897 7305.50527759532
1898 7233.34087048896
1899 7192.12392836702
1900 7239.54512577841
1901 7076.193018998
1902 7087.36612991722
1903 7727.75015115478
1904 6705.55383381224
1905 6677.66598408862
1906 6684.92970393023
1907 7845.64369945031
1908 8258.92733954758
1909 8459.14728479219
1910 8406.69392985926
1911 8399.833937659
1912 8372.10818497799
1913 8354.77037977759
1914 8367.32731296738
1915 7498.45516464609
1916 7535.05907758404
1917 7506.73938148186
1918 7470.70260439058
1919 7484.22073373041
1920 8248.83339264016
1921 8269.05350090395
1922 8360.2610985343
1923 7733.99441732852
1924 7726.87562083803
1925 7731.36877749417
1926 7324.90820147399
1927 7365.75963778252
1928 8541.26242433387
1929 8532.61481600433
1930 8545.04157502128
1931 8554.04408086259
1932 7560.13008895472
1933 7565.19963848158
1934 6702.95076834746
1935 6656.75239462037
1936 6694.06544200083
1937 6778.07073832991
1938 7761.65715238576
1939 6537.7345855538
1940 6569.74616161407
1941 8371.34085859402
1942 6626.43868322211
1943 6637.36118840141
1944 6374.03940032217
1945 6394.54051420179
1946 7416.40312686446
1947 6203.82320362808
1948 6220.1721676518
1949 6369.11339659442
1950 7177.47629123769
1951 7185.26271433583
1952 6166.63391648903
1953 6372.9224970581
1954 6782.64384747994
1955 6277.63628987945
1956 6307.52557875377
1957 5616.3024394921
1958 5311.25556538701
1959 5621.71751733608
1960 5716.12818904673
1961 5123.75446303079
1962 5125.85925962834
1963 5485.62542940312
1964 5072.73800570826
1965 5080.34238825827
1966 3883.71504219461
1967 4789.42338529257
1968 3880.11808991156
1969 4791.97236467434
1970 5006.57095281916
1971 4693.3561704257
1972 4695.71421381682
1973 3799.16991243675
1974 4673.41591876168
1975 4509.70728297353
1976 4536.33457952394
1977 4718.24865883047
1978 3793.76956891153
1979 3802.14608725841
1980 3846.25383196679
1981 3751.34033424383
1982 3808.82576147148
1983 4681.46330882351
1984 4945.27241050162
1985 4712.36535676032
1986 4719.84196669727
1987 4705.6209959006
1988 3836.87086327581
1989 3846.02141521369
1990 3827.20903500668
1991 4653.25547242202
1992 4605.06472136838
1993 4597.24890354159
1994 3836.12533046682
1995 4630.00227909486
1996 4885.46851645741
1997 4721.44861815643
1998 4734.99491486398
1999 4946.63325396834
2000 4741.61856005165
2001 3890.94526945085
2002 3649.75003507021
2003 3857.98494455043
2004 4651.77360776727
2005 4594.31461042633
2006 4583.91265526508
2007 4599.98452115657
2008 3840.65071856375
2009 4721.95519701479
2010 4604.73181151636
2011 4622.9465788743
2012 4596.39627317109
2013 3790.60674780939
2014 4612.56717008781
2015 3848.56193510623
2016 4732.94417130106
2017 4873.60097864943
2018 4845.79584660211
2019 4785.54019789771
2020 4813.02810857488
2021 4655.64369989145
2022 3812.70410379359
2023 3826.57684567254
2024 4833.37470587973
2025 5140.12830104077
2026 4793.14708997089
2027 4804.8837600512
2028 4796.25149709247
2029 5039.08593239571
2030 4711.20250912418
2031 4689.02987050429
2032 4563.21431750538
2033 4687.7367231181
2034 4948.69988689812
2035 4546.79759098877
2036 4546.26785897756
2037 4835.82809296434
2038 4377.57013392319
2039 4611.39967898283
2040 3910.96749512339
2041 4827.91100073179
2042 4951.73450366822
2043 4723.25795733159
2044 5033.1882476476
2045 5148.85208420815
2046 4842.14406953447
2047 4828.0906983196
2048 5115.08849642347
2049 5639.38941259313
2050 6739.53591805355
2051 6200.91867807211
2052 6205.02996775126
2053 5850.23204648204
2054 5880.03759776702
2055 6815.76352329405
2056 5867.88500354068
2057 5877.2450350825
2058 5877.42257458909
2059 6367.81091763746
2060 7407.90537907732
2061 7973.25147874877
2062 6661.99782072847
2063 6675.52928423139
2064 5815.94056898043
2065 5797.84806733663
2066 5818.48047966785
2067 7073.23904859203
2068 7091.94987225778
2069 6147.47093170327
2070 6162.69009370833
2071 8046.0886445823
2072 8107.07010827289
2073 6487.63603638991
2074 6537.63836428101
2075 5615.7162628052
2076 5579.71947788377
2077 5586.67077808332
2078 5260.90406043152
2079 5230.7893243768
2080 5238.54213509067
2081 5698.75979910944
2082 5094.29641294243
2083 5091.94510747977
2084 5115.33205221041
2085 5684.23680947092
2086 6417.26697349267
2087 6152.21922233864
2088 6163.98119317195
2089 6116.95330186591
2090 6168.76131655567
2091 7652.10699632774
2092 6335.06571378734
2093 6347.776861155
2094 5398.63655959283
2095 5381.45054079752
2096 4894.07594118282
2097 5406.53987864756
2098 4871.37528634789
2099 4868.43348276274
2100 4905.94958377907
2101 4542.56813627879
2102 4543.17017325703
2103 4581.92413309692
2104 4426.32177841695
2105 4223.92811762768
2106 4277.24603027832
2107 3342.19246932856
2108 4192.04468935333
2109 4439.8982706594
2110 4996.63858702528
2111 5368.92720928636
2112 5131.40259862244
2113 5131.35308473783
2114 5443.85271805906
2115 5521.93488697711
2116 6392.18782760863
2117 6418.71608026821
2118 5359.6239515586
2119 5327.32911934775
2120 5308.71514700182
2121 5356.94421086691
2122 6528.97643781181
2123 8004.46742904058
2124 7964.49012959581
2125 7445.93278361917
2126 7955.87531488599
2127 7896.49161327115
2128 7918.37149406999
2129 7301.95496087383
2130 7861.29454047619
2131 7401.70564597521
2132 7826.14312110852
2133 7621.9546958944
2134 7848.35835232693
2135 7817.67947855475
2136 7195.32464405719
2137 7161.36355441531
2138 7858.48361939028
2139 7873.3884119969
2140 7469.0814285009
2141 7855.96226088363
2142 7861.68199723142
2143 7812.96815908369
2144 7772.5402796954
2145 7754.22673091062
2146 7825.47310784689
2147 7828.64741857726
2148 7817.30657336702
2149 7472.30146511818
2150 7841.230984064
2151 7844.22575383905
2152 7809.92384301855
2153 7805.25188570588
2154 7928.4136203222
2155 7746.32948079859
2156 7744.74826331781
2157 7929.99809343452
2158 7874.39256066717
2159 7970.31778460847
2160 7961.40815098526
2161 8304.56540011072
2162 7886.8310351568
2163 7950.67783091729
2164 8254.86990108547
2165 8273.33688331176
2166 8291.76219830725
2167 8282.08592789672
2168 8294.48633210915
2169 8314.07469805684
2170 6958.76936977692
2171 6880.70043055745
2172 6353.86377673528
2173 6839.06059233454
2174 6038.16561297219
2175 6036.75250564395
2176 6049.42643596921
2177 7174.56508023099
2178 8055.5771507748
2179 7008.15483801238
2180 6948.27242386504
2181 6997.46022330405
2182 8396.38456700379
2183 8406.35383509871
2184 7156.01263179032
2185 7123.7569271809
2186 7150.44673515184
2187 6065.88175274167
2188 6015.6693426385
2189 6068.65122021986
2190 6095.94439118501
2191 5468.65293679182
2192 5445.73671493397
2193 5438.84751713109
2194 5428.83252901007
2195 5445.43281927367
2196 5867.03948113833
2197 6761.81321465706
2198 5851.86424647157
2199 5692.62345052499
2200 5864.7775591974
2201 5863.07237863697
2202 5848.1657381961
2203 5850.9304074712
2204 6403.96296695921
2205 5672.46135900567
2206 5652.1440042781
2207 5651.26735856843
2208 5687.15021070547
2209 6489.7975625103
2210 6454.99420016539
2211 6498.380741377
2212 5666.78004317259
2213 5668.6567094085
2214 5524.84021887746
2215 5522.80805308266
2216 5491.89825784887
2217 5485.83802080261
2218 5468.0153637963
2219 5498.76609079562
2220 6324.82677028829
2221 5581.62521494672
2222 5660.74514121726
2223 5049.83050270175
2224 5065.10266528995
2225 4930.00890636437
2226 4902.81559652523
2227 4893.95505614294
2228 4923.75238409427
2229 5039.67817687676
2230 5596.69976161367
2231 5971.62215422555
2232 7108.44744450416
2233 6705.56143512564
2234 6711.13613088806
2235 5847.05883555692
2236 5955.45320814551
2237 7194.6796913085
2238 8388.19325810502
2239 7442.7767052027
2240 7436.44054086645
2241 7717.07060982341
2242 8363.11494567556
2243 8111.06712411344
2244 8117.36729356997
2245 8396.98297845202
2246 8034.70094227546
2247 8028.0173541085
2248 8025.76144970258
2249 8027.20030793535
2250 8209.72365213105
2251 7270.80462045807
2252 7288.68683141294
2253 6660.22927055972
2254 6630.53898378842
2255 6665.49681772289
2256 6768.81610219058
2257 6214.03615844904
2258 6099.01062159878
2259 6223.03279428409
2260 6886.90746241214
2261 8419.13669123732
2262 6793.67750474515
2263 6811.45732207864
2264 8117.42702003699
2265 6436.15094709703
2266 6467.09892728959
2267 7009.19694044524
2268 8233.09908782596
2269 8386.68451137961
2270 8475.12492564741
2271 8440.6100647982
2272 8461.14674310505
2273 8426.33675852279
2274 8456.55194942966
2275 8447.69821254442
2276 8465.97902700479
2277 8477.34453405137
2278 8478.56546838677
2279 8364.91495515654
2280 8366.13240529544
2281 8395.67543304828
2282 8490.25153391914
2283 8461.78303117367
2284 8483.79627357109
2285 7254.85896807441
2286 7270.60139735186
2287 8314.33147511704
2288 8282.2037541672
2289 8292.13179005797
2290 6548.03846765096
2291 6543.68013436455
2292 6561.04346707708
2293 5909.03597632742
2294 5882.06795317339
2295 5911.541942932
2296 6062.20355695449
2297 6513.10254811307
2298 7433.47197688039
2299 7952.641743771
2300 6214.93489898395
2301 6267.37710792729
2302 5463.24445320024
2303 5518.20267238101
2304 5911.22271298675
2305 7024.61741088949
2306 6087.35108112523
2307 6255.00147160499
2308 6663.70157834332
2309 8003.3481393216
2310 8163.53343832286
2311 6649.89168186485
2312 6671.90489941219
2313 7820.62042171592
2314 5766.14143599624
2315 6173.19312233411
2316 7030.99103905815
2317 8111.22234191318
2318 8086.52990414138
2319 8087.3947192603
2320 6818.46128566391
2321 6873.07452202703
2322 6320.52956704788
2323 6301.8420433161
2324 6318.61949008628
2325 7533.04342384468
2326 8515.32718415843
2327 6899.81274409863
2328 6924.05331345301
2329 7120.44494219913
2330 7552.69624058155
2331 6152.81855229105
2332 6140.64668077652
2333 6154.69539595131
2334 5540.14921519809
2335 5574.00817197536
2336 5059.16122386559
2337 5074.10084582689
2338 5035.02064103136
2339 5023.63031013133
2340 5000.32160375867
2341 4985.45493520827
2342 4992.00944692037
2343 5448.6978545488
2344 5755.56812625763
2345 5384.88637118606
2346 5382.41866749975
2347 5401.19121513533
2348 5289.20810801359
2349 5346.34705485197
2350 5071.43955152206
2351 4137.02077873866
2352 5058.02359548855
2353 5020.15026106901
2354 5031.93599792011
2355 4991.63962817357
2356 4974.3619311385
2357 4968.53529757874
2358 4964.53412204667
2359 4964.16343151638
2360 4795.7093142858
2361 4794.06017605774
2362 4793.80140298227
2363 4621.57402083341
2364 3740.03617026042
2365 4628.37795698221
2366 4878.42213418392
2367 3741.8311991022
2368 4625.3778210325
2369 4637.68767267205
2370 4812.58166813313
2371 4625.25529332531
2372 4686.54912835743
2373 4623.70436584486
2374 4632.64252910981
2375 4643.76189029968
2376 4701.50512534238
2377 4956.27058123179
2378 4899.20665395257
2379 4886.44210957029
2380 4901.71341021866
2381 4609.73071085394
2382 4639.24591856626
2383 4809.45869695656
2384 3824.40255583253
2385 3665.83615364465
2386 3666.92427458996
2387 4801.84269720459
2388 3781.44569417358
2389 4583.19023288448
2390 4598.12856120571
2391 4570.75434878279
2392 4561.44806578565
2393 4606.61315174987
2394 4840.73518834709
2395 4806.32320708733
2396 4796.23262136667
2397 4770.67025134029
2398 4824.41926850801
2399 4874.56949489611
2400 3779.25721077597
2401 4617.87677873025
2402 4721.89833516103
2403 4373.72191605657
2404 4421.94813144015
2405 4873.1885830569
2406 3794.79616811804
2407 3810.83682311725
2408 4672.69870218107
2409 4450.55861395763
2410 3613.86492141252
2411 4464.39565062034
2412 4721.10732622483
2413 3474.25887303381
2414 4312.59975288413
2415 4659.23900726205
2416 4814.19414378941
2417 5022.13623903125
2418 4909.347793275
2419 4895.39813575772
2420 4877.79136756699
2421 4879.45042238001
2422 4783.93791939174
2423 4783.44698983332
2424 4803.41541783324
2425 4665.99130707
2426 4931.23887169816
2427 4700.79843978628
2428 4415.36800332754
2429 4664.53068433057
2430 4565.85660952879
2431 4408.83687739737
2432 4620.12334570252
2433 5203.65869988193
2434 5658.48137356263
2435 5675.28640878455
2436 5477.82747187186
2437 5464.79403663953
2438 5483.93259540548
2439 5508.62783926251
2440 6086.80377397636
2441 5472.84048114179
2442 5461.86798010841
2443 5472.26589042937
2444 5424.6678274599
2445 5419.74601984079
2446 5415.18090717421
2447 5428.56204461433
2448 5002.04807999807
2449 5012.94074797442
2450 4504.23111756024
2451 4511.92486686668
2452 4821.79955689491
2453 3568.51582245438
2454 3928.17189663972
2455 2971.35595385829
2456 3848.31295942414
2457 2801.72785103363
2458 3630.93066461797
2459 2837.99020400328
2460 2936.18370777021
2461 2925.87119135204
2462 2960.86665157774
2463 2528.74173640254
2464 3770.16789358558
2465 4029.14363324509
2466 4309.76674913795
2467 4868.40844770138
2468 4546.21394123874
2469 4543.86104602971
2470 4552.70947609826
2471 5051.59914774071
2472 4477.34428960748
2473 4527.61111232385
2474 4932.04467142215
2475 5626.34211794478
2476 6222.37211729892
2477 5515.70889372594
2478 5558.23309705379
2479 5927.2207396144
2480 3073.71247627048
2481 3075.14919680347
2482 3428.02932023798
2483 3398.73274568636
2484 3395.07007561558
2485 3401.39064986065
2486 3394.33950933299
2487 3360.14522256127
2488 4477.34591518776
2489 2739.36427889377
2490 6226.83021227417
2491 5641.77108994729
2492 5649.08743894332
2493 5716.64889597377
2494 6867.95404793459
2495 5966.62098582138
2496 5947.74977273433
2497 5977.64780769848
2498 6032.89172266914
2499 7635.40275137622
2500 7617.81812708576
2501 7638.90687559686
2502 4501.477861505
2503 4568.42792427108
2504 7019.64544251352
2505 5899.32523611852
2506 5915.15939929733
2507 4771.48074490938
2508 4882.87196779673
2509 7736.40100168596
2510 5991.00400308381
2511 6020.96298242263
2512 6079.45141490329
2513 5485.22103830998
2514 5445.10709445865
2515 5440.93584776535
2516 5448.7316288899
2517 4997.35758865825
2518 4949.73271665118
2519 4962.17592880309
2520 4661.51574293404
2521 4673.70986604893
2522 5515.42143450188
2523 6030.94621963322
2524 6769.3406657453
2525 4428.80556146459
2526 4521.23086662894
2527 5051.36200729892
2528 7513.48464591923
2529 5946.285490752
2530 5960.37306772625
2531 7320.74080150837
2532 4577.72903038873
2533 7061.47012385392
2534 6403.50663708634
2535 6337.83484662335
2536 4255.84086056259
2537 4183.8735659038
2538 6407.00025225863
2539 6807.94351822104
2540 5994.04443256264
2541 5981.12423763093
2542 4021.16391548196
2543 5952.63954870376
2544 2461.82904105381
2545 2460.1988195662
2546 2459.79421464289
2547 4954.29498452619
2548 5702.25659763708
2549 5692.14512766698
2550 5686.66209092087
2551 5671.63179718735
2552 5662.8537234301
2553 5671.70282465204
2554 4775.30893000479
2555 4843.40821426619
2556 2607.29948683359
2557 5270.07543354944
2558 5087.41624641135
2559 5109.19146077914
2560 6059.17782943329
2561 5116.51479212369
2562 5099.0143156604
2563 5126.00252755627
2564 2657.37986992752
2565 2679.85764422017
2566 3235.30172081524
2567 3373.737366773
2568 3639.13132226836
2569 3621.29173715414
2570 3624.33049990583
2571 3537.65466043485
2572 3578.42776388671
2573 3650.01840150943
2574 3630.00885923492
2575 3597.88999047366
2576 3614.63144299244
2577 3469.13538573527
2578 3441.99335494292
2579 3495.28679508438
2580 3486.73641328298
2581 3469.60266530994
2582 3469.3319223426
2583 3477.29071378275
2584 4793.67516585065
2585 8111.8472087833
2586 8101.33165993505
2587 8099.44815387008
2588 8056.49888297009
2589 8077.34625636946
2590 8034.63479555232
2591 8085.14499595087
2592 8125.4923471513
2593 8046.96485709757
2594 8039.56734714501
2595 8032.8167130881
2596 8040.20948718766
2597 8049.46363059556
2598 8024.66570823756
2599 8039.15292658822
2600 8054.46161695449
2601 6700.79279253774
2602 6732.74580915049
2603 5627.1773357734
2604 5638.53768923686
2605 5118.9686712586
2606 5114.70955141932
2607 5141.43761667324
2608 4825.53690132015
2609 4848.21136974816
2610 5251.02951813599
2611 4574.77975454391
2612 4775.12718046434
2613 5092.22796598924
2614 5811.02724969171
2615 7117.27732540928
2616 6208.52692933674
2617 6185.76839175728
2618 6020.84115730305
2619 6000.26407804716
2620 8011.49066570377
2621 5866.70132768184
2622 5874.87657910376
2623 5494.35826713657
2624 5493.77932884983
2625 5480.7227903219
2626 5462.10414806237
2627 5442.56453496971
2628 5494.28350860639
2629 5807.75859747144
2630 2938.39707365957
2631 6488.59328124176
2632 8032.44909509388
2633 7886.86700788173
2634 7856.03760613496
2635 7865.35714431832
2636 6434.61217627445
2637 6405.56027466311
2638 6406.97666075272
2639 6434.58637197624
2640 7970.46135022312
2641 7394.96148193324
2642 7433.83617472674
2643 8083.20049006216
2644 8160.02788977559
2645 8075.32361571685
2646 8038.1742299418
2647 8026.64786960177
2648 8041.25778879019
2649 8220.34831769533
2650 8290.47198676547
2651 8383.95258311811
2652 8418.33178246629
2653 3315.74675407144
2654 8374.68762040595
2655 7977.23998830622
2656 7966.22791145773
2657 7978.35425820647
2658 3958.14194622527
2659 5590.7811620251
2660 5632.50821286629
2661 5412.4351608075
2662 5427.39251240803
2663 5398.28012482585
2664 5364.56484550885
2665 5357.88061268538
2666 5380.53149816447
2667 5227.1088308289
2668 5342.57253310642
2669 5396.29969495115
2670 5322.69679708071
2671 5318.2664087899
2672 5333.9692243083
2673 5333.25309109495
2674 5353.24563045494
2675 5499.10014530338
2676 3697.47676224341
2677 3655.64619889081
2678 3669.82620784493
2679 3608.04825831461
2680 3612.97211744449
2681 3615.81313605311
2682 3600.44361195518
2683 3557.54464362878
2684 3499.47754100565
2685 3556.03256541215
2686 3541.1186980387
2687 3521.55226146419
2688 3480.65199359667
2689 3482.51767754561
2690 3424.41573959091
2691 3428.82729271798
2692 3640.51796886229
2693 3828.41006388825
2694 3817.89453699012
2695 3808.42754722825
2696 3814.36410756097
2697 3881.82328054774
2698 4005.98393609507
2699 3861.83729538179
2700 3798.4002228256
2701 3824.06492124225
2702 3806.45178343456
2703 3808.75286399335
2704 3845.07102051383
2705 3816.71479542665
2706 3841.19634240521
2707 3713.64461718156
2708 3696.1207002071
2709 3704.2055812937
2710 3650.68736505188
2711 3655.32377352735
2712 3954.47936882662
2713 4791.89753454975
2714 5142.60522141994
2715 4894.65394726642
2716 4879.20159298168
2717 4846.81806059452
2718 4864.31771137301
2719 5165.76002867053
2720 4650.82629558985
2721 4638.16647156629
2722 4621.51747739327
2723 4601.79108255878
2724 4626.03940617872
2725 4624.44965283452
2726 4691.23059420082
2727 4807.72627743479
2728 4949.62693028309
2729 5361.36481524623
2730 4713.41917067295
2731 4665.41157477635
2732 4688.74355366226
2733 4436.68713107621
2734 4416.98267841825
2735 4458.93819401729
2736 3276.16639944103
2737 2791.58853370991
2738 4184.55394986291
2739 4406.00540569102
2740 3142.67510117793
2741 4033.42930172583
2742 4204.84481685873
2743 2580.97832101158
2744 4216.58548482498
2745 4403.50649878387
2746 4726.66703663756
2747 4510.43288960479
2748 4509.46653519477
2749 2695.61374098045
2750 4494.70548895086
2751 3045.17155974606
2752 3042.96858507938
2753 3252.91999345955
2754 4745.4904108901
2755 5424.10352720087
2756 6280.60434006798
2757 3035.3529480478
2758 6439.60548109488
2759 7606.59923787884
2760 6549.98049903804
2761 6674.02745818754
2762 7976.31689096445
2763 7902.76064178335
2764 2925.4045211117
2765 7953.63824995172
2766 7867.49010817864
2767 7901.6783585499
2768 6592.35428880223
2769 2961.89176359318
2770 6565.11719166531
2771 6891.85922388189
2772 7860.67019987802
2773 7881.29021000599
2774 7886.83749864626
2775 6240.56277696648
2776 6207.7017975773
2777 2845.44444577181
2778 6235.69942729633
2779 6220.02847005021
2780 2861.4388008678
2781 6250.47137616297
2782 7959.82375327445
2783 3482.5382129782
2784 5157.09044797023
2785 3143.07225610217
2786 5154.45948474239
2787 5072.43957417098
2788 5094.5023431905
2789 5132.38241341923
2790 5329.88133882033
2791 5315.09026584374
2792 5330.83804693343
2793 5385.36133979212
2794 5558.95571057192
2795 5525.69268519552
2796 5496.57754721174
2797 5518.32346479176
2798 5534.11592183144
2799 5404.8624729517
2800 5410.60449204307
2801 5436.14957364878
2802 5583.88727965344
2803 5605.16232457429
2804 5602.94469884057
2805 5638.87602889196
2806 5643.44934241225
2807 5414.44536543382
2808 5414.37444063035
2809 5425.66649246868
2810 5437.20936188324
2811 5322.52076817846
2812 5443.65169309538
2813 5454.10065733713
2814 5321.51243370619
2815 5368.47026553817
2816 5463.14922864967
2817 5344.00067005545
2818 5346.39032470911
2819 5317.44418384766
2820 5255.81528174498
2821 5305.99260139824
2822 5401.42991637121
2823 5442.98808395461
2824 5305.788222695
2825 5300.77352883319
2826 5279.89855255527
2827 5313.56803784441
2828 5370.58118789963
2829 5460.64722781719
2830 5296.35564763442
2831 5324.55590265626
2832 5441.5862728234
2833 5490.98209294514
2834 4862.47260725595
2835 5467.88525820939
2836 5410.65289889083
2837 5478.23665928695
2838 5289.71321300559
2839 5327.38929013814
2840 5545.51011910961
2841 5480.20240423243
2842 5449.01011808752
2843 5453.12758001137
2844 5432.06479664683
2845 5413.54109577745
2846 5436.64390226169
2847 5614.69515836647
2848 5529.25962815068
2849 5555.34411204581
2850 5586.73296007865
2851 5660.63762323229
2852 5530.517126144
2853 5551.19414551482
2854 5621.14505840124
2855 5581.31657949138
2856 5487.39687116485
2857 5482.97889533948
2858 5482.1030246984
2859 5500.74351364497
2860 5317.81643072857
2861 5377.08602539254
2862 5280.09857112682
2863 5239.48021409836
2864 5264.56533200367
2865 5275.76221313679
2866 5177.23423707051
2867 5209.29526585776
2868 5338.62736388978
2869 5616.23939467993
2870 5797.13379912972
2871 5685.14985947159
2872 5676.752704053
2873 5685.2648635276
2874 5713.93644356691
2875 5478.22188458298
2876 5475.71915483547
2877 5431.13499941285
2878 5448.50486949445
2879 5438.73200898234
2880 5425.57274978007
2881 5421.39160368198
2882 5386.78489230815
2883 5427.06862426745
2884 5233.61566985309
2885 5223.81323592952
2886 5196.7011683329
2887 5239.86225662703
2888 5280.98637028845
2889 5454.80747912151
2890 5449.53969272735
2891 5449.38496348693
2892 5301.70621926633
2893 5414.23903898786
2894 5228.27471811927
2895 5200.50611829478
2896 5350.26480445587
2897 5404.70209752911
2898 5359.8497582633
2899 5372.75361379941
2900 5472.0594824524
2901 5570.60772098319
2902 5428.94739578371
2903 5410.33638046
2904 5441.04137759097
2905 5409.15128320523
2906 5405.61163655002
2907 5400.18701403862
2908 5432.53574597843
2909 5359.21043294183
2910 5359.92072980057
2911 5210.67963517664
2912 5243.01527550047
2913 5302.35443771669
2914 5468.93517628388
2915 5510.31748123467
2916 5271.85994017525
2917 5434.83239183824
2918 5259.83660857288
2919 5282.1144830213
2920 5283.88338692118
2921 5316.45280016255
2922 5198.07237480467
2923 5226.9125122029
2924 5286.18894225545
2925 5268.16611019865
2926 5259.19666439669
2927 5258.9361618672
2928 5253.98666317964
2929 5015.52502791239
2930 5283.6254725371
2931 5405.44753874681
2932 5434.36299164553
2933 5641.63911191347
2934 5521.43883689645
2935 5515.4728543992
2936 5498.78357074811
2937 5516.95830386234
2938 5521.01442291748
2939 5412.95366728224
2940 5437.23581591528
2941 5405.64309881161
2942 5406.208927312
2943 5287.11338592645
2944 5296.12723742826
2945 5221.4403086257
2946 5231.33007075179
2947 5199.29580036534
2948 5176.51158013568
2949 5162.82674584716
2950 5192.59799258402
2951 5194.04654889493
2952 5101.89118970322
2953 5049.35378514719
2954 5101.95515694572
2955 5240.62341032555
2956 5343.58040520108
2957 5403.57801961823
2958 5370.10445448514
2959 5321.11343817453
2960 5349.51420431836
2961 5175.64779625257
2962 5216.30736084693
2963 5244.94217031204
2964 5297.76485455203
2965 5340.58712454834
2966 5437.49783594805
2967 5379.19993319535
2968 5405.28927891559
2969 5425.45956622086
2970 5323.63450341038
2971 5334.77602453703
2972 5393.1127806981
2973 5362.82808181906
2974 5348.14224312497
2975 5339.97609817966
2976 5328.35844336337
2977 5327.74277204485
2978 5338.49020545197
2979 5271.45553297365
2980 5266.62877036407
2981 5318.76136348226
2982 5328.01649451327
2983 5227.17471337252
2984 5207.19464548819
2985 5241.72524834263
2986 5325.98503777793
2987 5377.98954991742
2988 5429.05962859116
2989 5270.13226741787
2990 5282.42951264435
2991 5216.9891118512
2992 5228.89453140162
2993 5171.3132737229
2994 5202.30777376375
2995 5173.05691895602
2996 5192.18538116014
2997 5206.96111718112
2998 5148.61707393821
2999 5161.34225912024
3000 5195.58582048783
3001 5345.81206893441
3002 5339.6443838636
3003 5331.18627108549
3004 5331.76329185794
3005 5190.79151278409
3006 5314.0622790775
3007 5284.83663190622
3008 5126.81881688903
3009 5276.30568966942
3010 5331.43524692432
3011 5437.32187855856
3012 5397.97528562404
3013 5271.20167712076
3014 5387.18018982143
3015 5210.02229770104
3016 5099.44839830699
3017 5320.25593289273
3018 5317.38261981017
3019 5310.92553510948
3020 5149.86758395666
3021 5149.01778992478
3022 5312.88812369768
3023 5342.32725416813
3024 5361.90601091897
3025 5351.72554258517
3026 5359.38587533529
3027 5290.01810674995
3028 5286.44681119035
3029 5268.98360880654
3030 5289.75494352725
3031 5305.33603165337
3032 5170.67642928787
3033 5283.14411994991
3034 5366.10282454775
3035 5302.62549794936
3036 5189.09211018144
3037 5199.48699257594
3038 5202.54596058071
3039 5152.44572815436
3040 5255.0817134227
3041 5362.53960295511
3042 5494.03299047329
3043 5637.92099943415
3044 5546.07756562202
3045 5553.241