1 3113.12322579267
2 2923.64223430588
3 2848.35442716745
4 2742.03723363727
5 2974.05885680567
6 3043.64649930199
7 2999.92475546978
8 3172.71615107867
9 3100.25291797657
10 3100.93322862446
11 3156.10457493337
12 2919.1666062583
13 3003.32330034772
14 3118.41908825952
15 2747.66760679194
16 2746.87067965449
17 2720.7843007037
18 2694.28726104765
19 2697.32129430077
20 2775.70915509857
21 2820.44036437052
22 3073.13567396456
23 3498.69501481431
24 3289.75473441381
25 3282.53193797914
26 3378.70008129466
27 3217.61352203601
28 3207.30626908649
29 3333.38337098786
30 3490.52116528349
31 3621.83332453203
32 3426.13874035578
33 3427.65007761709
34 3429.58377451897
35 3566.97697450286
36 3314.27589685082
37 3312.91532621464
38 3337.98609505547
39 3430.53508044374
40 3825.05134011021
41 3883.62990459034
42 3950.77159938356
43 3852.52555455903
44 3854.00681651745
45 3823.46572388473
46 3799.67587140955
47 3639.87204207851
48 3617.20709237807
49 3595.35081522658
50 3597.99315730446
51 3779.68354861337
52 3413.10308739128
53 3413.49001461252
54 3699.90636629457
55 3906.45428845635
56 4174.19856838385
57 4042.55546672045
58 4015.44221099734
59 4602.40611096168
60 4555.84742940631
61 4495.4269143345
62 3049.59739812127
63 3849.93410883766
64 3862.09892791611
65 3318.10745820738
66 4021.64179944672
67 3960.11167604207
68 4331.81923507564
69 4053.10028834416
70 4053.49938114144
71 4675.03301086872
72 4351.16979586443
73 4346.20291692459
74 3757.84285749802
75 3757.45856121504
76 4027.68121430662
77 4421.21855957125
78 4458.22990556596
79 4142.37097762123
80 4143.01992961174
81 4561.69643771332
82 4412.37725437592
83 4412.68632738851
84 4595.10812945177
85 4368.61055667782
86 4378.37366616748
87 4062.32456956341
88 4022.7695086327
89 4089.58157301843
90 4582.43279538196
91 5613.55740517521
92 5249.65199945366
93 5249.35109859568
94 4555.47751278084
95 4556.89069957139
96 4920.8240110951
97 4469.03381531568
98 4408.00867494899
99 4624.95732413995
100 4108.43115158879
101 4108.45481962034
102 3843.85232842355
103 3776.79943099452
104 3986.21610319907
105 4123.96599449325
106 4787.54417747022
107 4476.9460168922
108 4460.35062666421
109 4057.6280982324
110 4054.46240171243
111 4189.96605629275
112 3919.17933997816
113 3888.11520834926
114 3872.63808483054
115 3709.03323769541
116 3687.83159592694
117 3817.71656506682
118 3389.55443852801
119 3389.23274140918
120 3078.54981937656
121 3078.44322177822
122 3008.21339477838
123 3008.30285331802
124 2953.96531727194
125 2954.08822409558
126 3048.78418667816
127 3171.89727092418
128 3298.94071484688
129 3240.65720047385
130 3225.96703321568
131 3043.61230029399
132 3043.31664899799
133 2815.80925055088
134 2900.13400997416
135 3058.12370102007
136 2830.00304973247
137 2829.78326736871
138 2695.19069696738
139 2695.12771497121
140 2883.10594477187
141 2797.406294637
142 3004.69534327482
143 2982.35538608511
144 3154.52759713174
145 3482.02201104215
146 3678.9843721546
147 3489.88457706646
148 3489.18245611885
149 3696.87106172107
150 3471.86444708408
151 3471.92408513488
152 3660.26148540618
153 4149.96149043602
154 3887.35204213628
155 3889.15864045053
156 4317.55487790606
157 4895.38259566317
158 4182.87460448095
159 4182.98993414984
160 3943.95136696263
161 3944.01716752885
162 3884.05157345425
163 4507.83611909314
164 4321.34128104332
165 3806.09369136037
166 3806.23851137961
167 3803.50171083532
168 3341.36923408882
169 3340.96812963319
170 3420.81551687868
171 3676.96725185551
172 3872.16775328629
173 4184.32146214246
174 3879.77123054247
175 3880.07516568033
176 3639.31885648838
177 3639.23429747919
178 3824.89343497236
179 4466.94902381353
180 4019.7890662583
181 4019.92426454845
182 3699.56344203036
183 3699.46728338293
184 4067.19385676955
185 4404.35436863601
186 4668.28193428369
187 5555.99477339216
188 5492.63579320899
189 4561.77381646972
190 4562.09410429262
191 5470.97520521695
192 5634.55890040986
193 5678.30488224366
194 4933.12112429719
195 4933.22504450089
196 5292.60633135709
197 5858.41486827506
198 4821.59371889671
199 4822.1441475544
200 5222.91355092698
201 5706.44425035427
202 5871.94692275998
203 5955.2626536102
204 6024.56384505715
205 5893.79766419641
206 5893.24126026833
207 5881.07739061128
208 5325.68819431817
209 5325.74196435466
210 5426.08078801728
211 5936.33910078381
212 5286.31608013106
213 5324.62418559067
214 4614.39917329531
215 4613.99832932663
216 4099.86592290892
217 4101.25595103329
218 4711.20463855795
219 4987.52649079898
220 5970.77654502418
221 6360.57784513998
222 5539.29028516962
223 5541.73161180222
224 5045.70054783501
225 4991.14061376279
226 3879.88329099897
227 4375.68470278026
228 4716.1596268167
229 4293.5211567407
230 4293.69641193236
231 4522.91860561646
232 4354.09690569229
233 4344.9128009321
234 3910.85446296097
235 3910.70459081106
236 3533.03181822899
237 3532.93442547991
238 3688.4506977178
239 4020.31925773218
240 4067.05086864341
241 3667.60823167561
242 3667.79671139671
243 3846.7163482404
244 3624.74029953562
245 3625.13271981697
246 3363.24794431529
247 3363.32359625387
248 3120.22878141788
249 3391.16950037201
250 3564.28554593557
251 4008.49453051345
252 3604.83013831405
253 3604.81608422617
254 3889.2515866792
255 3638.96968206237
256 3639.30415245685
257 3776.7237890599
258 3529.48498391308
259 3529.25763784584
260 3734.26335388743
261 4275.45784508859
262 4517.43226582866
263 4015.46988386464
264 4015.43255257291
265 4357.47435252637
266 3901.19416237615
267 3901.72531456321
268 3596.00951990012
269 3597.01088492354
270 3386.55934090406
271 3387.33544797176
272 3698.55103501459
273 3364.1131918977
274 3364.43895084084
275 3181.68924352367
276 3181.47442804091
277 3052.5907978333
278 3052.35707794266
279 2965.71778288445
280 3184.2065890547
281 3504.93531231716
282 3600.8293078979
283 4080.51683418945
284 3847.47510035115
285 3847.09583075467
286 3587.61765965776
287 3526.02725564432
288 3332.05760841443
289 3604.74145242747
290 3856.83360060899
291 3971.78794982224
292 4003.69156305005
293 3664.62726784174
294 3664.24900111588
295 3426.42335481767
296 3427.96590501807
297 3375.28771052601
298 3257.45767629002
299 3059.05376592309
300 2794.14935344224
301 2794.10024402229
302 3041.88357755019
303 3031.5670571656
304 3063.48855384287
305 2798.62566638713
306 2798.73619593431
307 2607.81713227887
308 2607.98171450803
309 2848.41598357467
310 2695.91783598764
311 2696.09778025605
312 2830.68760193219
313 2840.1178717774
314 2854.79130815187
315 3068.89921811121
316 2798.23601625935
317 2798.26777302112
318 3017.39774136837
319 3150.77210267904
320 3221.20877448753
321 3445.80054565379
322 3580.54650307365
323 3444.60235231752
324 3344.70011826745
325 3408.66240308444
326 3514.70188591729
327 3570.52753566051
328 3359.45627533455
329 3359.74482639702
330 3607.76382979521
331 3500.09082295241
332 3402.08254089821
333 3402.42130355307
334 3737.1432168836
335 3241.78666884287
336 3241.76682367421
337 3534.10460183314
338 3810.84108035028
339 3885.22265327254
340 3604.63004017857
341 3604.63258262961
342 3507.5888708402
343 3359.98874078475
344 3360.06926527792
345 3408.03204020713
346 3573.87912527706
347 3657.63628040435
348 3364.59051285041
349 3363.49944574022
350 3484.34714322591
351 3800.47295071001
352 4018.69482461011
353 3896.48532516129
354 4189.99207006855
355 4076.2443472184
356 4060.99486363778
357 3648.47085379361
358 3648.6220440136
359 3590.44634017435
360 3176.41166076875
361 3176.57347825904
362 3286.37615399274
363 3361.1498004845
364 3530.03936357396
365 3565.67323100432
366 3664.75760281894
367 3582.53866603157
368 3241.67237201358
369 3241.59223032136
370 3474.60752633187
371 3530.44628396354
372 3771.93264061414
373 3373.83452248046
374 3372.00832269297
375 3709.1810489883
376 3271.64772861241
377 3271.68229344721
378 3145.49518062334
379 3144.58723522125
380 3145.67217309368
381 3364.59919228242
382 3409.47010923059
383 3161.38011198852
384 3161.72546119457
385 3364.93943980309
386 3614.93172758546
387 3346.9775520703
388 3346.28899207929
389 3238.44604886689
390 3206.57505191553
391 3206.09853220427
392 3241.3645147652
393 3663.86895905338
394 3486.07290423489
395 3486.08999509513
396 3403.12454146347
397 3400.8943023595
398 3974.15391114385
399 3903.8341414261
400 3847.10841099
401 2943.74652445419
402 3889.17381750483
403 3784.80071384133
404 3797.22357216347
405 3610.10857277342
406 3610.26037573017
407 3754.52119353177
408 3555.30691280546
409 3555.21570041063
410 3734.02820937752
411 3941.31085560027
412 4126.8890644816
413 3974.30237914588
414 4272.95613874019
415 3989.73444364999
416 3989.54309582983
417 4012.51661146409
418 4151.79736597358
419 4426.30708540816
420 4621.7809576253
421 4349.31809706533
422 4349.36934361952
423 4277.03067566901
424 4276.87205089689
425 3998.69929122065
426 3999.18612500709
427 4246.03466975558
428 4682.79089017168
429 4962.59829670823
430 4459.06380925331
431 4459.39206868058
432 4421.12033540101
433 4421.02189282842
434 4509.22374932376
435 4170.96257292884
436 4170.88219892639
437 4361.35487701709
438 4691.73389349329
439 4460.34417503431
440 4526.90166141025
441 4631.86649600537
442 4335.21105083125
443 4335.3208331526
444 4266.47191856663
445 4442.20159188532
446 4055.89948648656
447 3120.33491415336
448 3120.42638324379
449 3847.56390742001
450 4115.9580668666
451 4074.78809599709
452 3285.13781631018
453 4074.92840564075
454 4580.61526224178
455 4734.4310066059
456 5144.56517599299
457 4525.444552514
458 4525.57227328783
459 4209.05246501458
460 4208.20874637883
461 4097.46749495189
462 4097.97253683837
463 4207.59226957237
464 4359.15088768251
465 4494.81217152974
466 4988.68415344063
467 5122.93084741726
468 4825.6923237205
469 4468.66611590063
470 4469.35874138094
471 4156.66021353378
472 4159.62971202104
473 4508.85669690223
474 4324.94421779581
475 4333.5049102626
476 4125.09946003893
477 4126.74843584491
478 3910.01367275017
479 3944.76644446227
480 3793.33692547985
481 3800.22658177282
482 3647.1021453431
483 3646.15063198906
484 3476.04163299147
485 3476.11464993815
486 3680.22982625948
487 3604.84631232482
488 3602.51124210742
489 3721.88308816176
490 3910.28665445558
491 3141.16578199806
492 3432.72805024743
493 3301.73553436657
494 3589.82324812533
495 3264.46200275598
496 3547.05681131221
497 3012.88294776031
498 3008.76277171418
499 3261.62370149299
500 3088.2452460794
501 3322.87915517974
502 3676.25761726943
503 3824.51714422988
504 3984.11385330936
505 4114.26766311114
506 4555.44208773276
507 3960.06366088208
508 3967.73072697407
509 4070.90489854029
510 4510.2138506655
511 4630.33337235087
512 5087.83288633465
513 5418.18631875306
514 5083.66350685394
515 5083.26593784689
516 4631.26407693498
517 4630.41149188712
518 5078.28583654147
519 5016.98673567319
520 5282.53796889198
521 5467.44104029452
522 5436.84774724007
523 5436.67632640756
524 5459.62708828549
525 5474.68807230761
526 5484.72504193044
527 4857.21468102182
528 4856.57674986206
529 5035.43900683612
530 5174.93635900242
531 4426.13390750742
532 4425.344227297
533 4007.53516070372
534 4007.16647058289
535 3798.82506439416
536 3839.73032791207
537 3398.03011967048
538 3398.17323751051
539 3652.49996913957
540 3640.02235886811
541 3639.80733426153
542 3594.20190943767
543 3400.33582878463
544 3401.30785340729
545 2972.39874561489
546 2972.36078356009
547 2826.82667073354
548 2905.80229197454
549 2779.2839641997
550 2995.11282794046
551 3053.23256401123
552 3398.58016074718
553 3093.54852549978
554 3093.54379857084
555 3313.63034518732
556 3645.74155438218
557 3673.52386606284
558 4191.36811884731
559 3733.7327364372
560 3733.40522125857
561 4133.17239374312
562 4153.48368861671
563 4567.34713390536
564 4833.6961332067
565 5381.57893442782
566 5399.98781224358
567 5387.89362335368
568 5374.81406984044
569 4733.96836164584
570 4756.38999246781
571 5442.68153544685
572 5436.75542402574
573 5435.46319102593
574 5474.57213224117
575 5219.06296917342
576 5216.53476616622
577 5032.92720654985
578 5026.43035310525
579 5460.07601122091
580 4659.89430519897
581 4664.79822880444
582 4375.01547333205
583 4373.91251722867
584 4297.56178522625
585 4307.31101322481
586 4866.26769476682
587 4385.31504126117
588 4384.38405976462
589 3923.77730200961
590 4508.55281005476
591 3647.4243986569
592 3647.80483196566
593 3452.92741302844
594 3453.1014578968
595 3364.84939965988
596 3364.62149121367
597 3196.65358625291
598 3338.26194471586
599 3237.93414804015
600 3594.78481052673
601 4067.43043544477
602 4209.96738617909
603 3642.99861295364
604 3643.6221127762
605 4139.6498877377
606 4256.31808053416
607 4281.91999542856
608 4660.59121454181
609 3873.76349959942
610 4047.69234591596
611 4412.65490392191
612 4332.41020101946
613 4996.96822230989
614 5456.51944561343
615 5539.37888729263
616 5009.66259580237
617 5009.59377833748
618 5565.96417834759
619 4618.97276741093
620 4619.22754151035
621 5228.92387647359
622 5350.32762379098
623 5480.63447535763
624 5522.06615697666
625 5515.1344797096
626 4968.27484645407
627 4968.54772586887
628 4297.0828935809
629 4296.42213982146
630 3752.84161875857
631 3753.31866789514
632 3783.06272720871
633 4092.78331852302
634 4704.38517457065
635 4026.89717148434
636 4027.26701793555
637 3832.73655191795
638 4139.08884165633
639 4163.5142506128
640 5070.6006665132
641 4482.28555763724
642 4482.67785273864
643 5320.37349128964
644 4972.59812707138
645 4973.00772361334
646 5568.63041706177
647 5621.28627740436
648 5525.08499462
649 5449.33696243848
650 4710.62337025826
651 4711.1889196685
652 4186.38260933906
653 4186.69211141458
654 4423.25306930146
655 4557.93294424414
656 4749.44833825029
657 4122.11216048213
658 4121.76446653104
659 3750.19064908656
660 3749.65233747487
661 3597.22511198428
662 3534.33714463335
663 3935.17990931329
664 3474.46684327225
665 3474.88629823238
666 3800.97564607191
667 4349.50499436575
668 4313.42190789414
669 4892.68504328918
670 5466.48750607072
671 5529.47752876862
672 5619.40400093412
673 5614.53187571306
674 5480.76304733766
675 5275.39461263054
676 5479.20546805323
677 5344.2281335096
678 5294.03189350655
679 4507.77811712562
680 4507.70030183009
681 4151.14719594063
682 4150.67842986922
683 3762.27985753505
684 3762.27948929984
685 3411.61753229551
686 3411.37103928628
687 3390.88580148356
688 3720.76188750122
689 3420.21031733078
690 3420.22408457594
691 3786.36266674226
692 3524.64292639237
693 3729.1127645322
694 4194.02949969841
695 3970.13794092465
696 3510.425471814
697 3511.05162339557
698 3749.74286286573
699 4348.53897211939
700 3783.09767965927
701 3787.01003220143
702 4054.89900895266
703 4056.08975306032
704 4392.19768254795
705 4161.87304066284
706 4161.93512945517
707 4401.04013486149
708 3789.22372699386
709 3789.22471964449
710 3480.69733436689
711 3480.4923161348
712 3822.09696156995
713 4429.02678465648
714 4119.75015596455
715 4121.23190554174
716 3566.68357422789
717 3566.95805502968
718 3244.72026464738
719 3244.84711959272
720 3604.48779076859
721 3854.78090015092
722 4158.27412902907
723 4115.16616078544
724 4027.915020466
725 3785.38273091729
726 3690.74239170342
727 3673.31488492962
728 3269.52122524677
729 3252.78684858171
730 3151.2281118694
731 3507.58122096925
732 3742.93772390054
733 3383.99839615171
734 3379.04948971737
735 3640.89477497134
736 3096.45343509561
737 3093.27650964708
738 2984.63455113699
739 3041.71541993129
740 2973.98424901162
741 3300.09758170393
742 3369.16647666103
743 3721.82522965631
744 3484.47384989517
745 3483.49459601159
746 3174.49742301057
747 3174.64606834938
748 2976.82543771651
749 2993.06800423376
750 3202.1610254079
751 2965.62688752278
752 3232.57491549712
753 3381.1454030614
754 3324.00523520655
755 3403.46009630153
756 3080.90449448352
757 3080.67022218333
758 2964.26069363013
759 2965.22549956934
760 3308.66704139099
761 3190.73314865423
762 2950.69103357502
763 2950.47632444229
764 2768.14433711265
765 2957.87879215107
766 3058.49273047082
767 3406.86333524448
768 3145.63854329098
769 3149.01729792611
770 3490.19572093414
771 3466.78347813144
772 3508.47176273438
773 3136.22236288639
774 3136.41823849099
775 2919.04292176843
776 2919.33629929278
777 2955.41032495011
778 3018.94731190745
779 3019.20284001211
780 2748.44697758129
781 2764.42120917578
782 2663.88789028189
783 2551.77104271438
784 2425.81642734585
785 2390.87594637395
786 2388.07354148361
787 2342.41021913376
788 2342.53901586455
789 2659.13572721742
790 2631.47515730317
791 2533.29445550405
792 2534.63593068279
793 2460.5779130593
794 2505.57391644298
795 2574.51735651642
796 2193.34630605251
797 2202.93215771392
798 2308.67968809296
799 2435.82167348906
800 2324.90926254981
801 2320.80162849901
802 2362.08297181732
803 2276.65588271471
804 2276.72068042807
805 2308.1254662256
806 2371.95927529893
807 2199.68289513424
808 2274.15087187492
809 2299.30389566707
810 2140.0362253007
811 2140.97258963611
812 2223.12026468326
813 2287.77089989564
814 2353.94008278862
815 2217.39112266869
816 2217.29581751921
817 2275.84188735739
818 2207.72681116996
819 2193.84173034269
820 2125.83560232131
821 2125.8885415045
822 2249.96152726204
823 2330.83432632033
824 2411.84436999909
825 2519.43383809886
826 2232.98238006732
827 2233.65961307516
828 2294.31154432912
829 2357.31460283359
830 2374.82042500771
831 2432.24653734955
832 2316.94465081199
833 2317.28855252429
834 2347.49181037334
835 2468.71887687809
836 2507.22657072636
837 2619.72292234074
838 2630.21814710191
839 2449.45363897029
840 2455.5780748268
841 3724.34529266583
842 3958.61137122089
843 4074.49111449034
844 3954.77263344506
845 3814.9658361792
846 3813.73337542038
847 3616.83865119501
848 3617.68737330958
849 3691.18385140242
850 3596.88994476043
851 3549.30851799422
852 3623.40056878124
853 3604.64313024713
854 3651.56348529132
855 3803.89869034422
856 3932.32174255781
857 3709.37186876084
858 3707.9278702538
859 2607.25176507245
860 3697.67112251035
861 3996.16051896984
862 4001.3124206209
863 3990.57665385493
864 3864.52151839718
865 3867.04090561007
866 3828.47760839541
867 3941.61762101263
868 3721.70137021052
869 3721.3261441705
870 3562.97331271722
871 3570.11185223229
872 3834.01890566781
873 3792.55953705603
874 3771.64333431246
875 3636.62870800427
876 3636.32819782178
877 3550.80821689976
878 3395.44748766971
879 1921.27291430288
880 2222.08130176913
881 3434.83092457937
882 3466.36727814105
883 3255.59149735637
884 3264.29088142902
885 3420.29939457359
886 3593.01543847971
887 2321.11596692524
888 3540.33034599189
889 3528.57294134929
890 3390.90689390784
891 3390.89717760743
892 2256.28546096748
893 2259.6087312078
894 2213.37413625505
895 2198.30984190295
896 3399.14303255407
897 3587.02309574361
898 3494.9722148537
899 3643.73299645146
900 3523.80291744941
901 3484.48191231778
902 3576.83270594051
903 3573.09777225155
904 2296.45449366778
905 3569.11163443854
906 3553.84888949383
907 2310.52751880701
908 3553.74327330578
909 3723.13568940705
910 3607.75185947138
911 3613.55682703023
912 3840.88298478445
913 3664.71192285561
914 3666.64740982549
915 3456.65467721443
916 3456.5556911575
917 3697.31887366999
918 3760.62538351141
919 3679.08092552066
920 3679.19732010404
921 3897.10989414002
922 3845.62949309279
923 3846.94870744185
924 2681.5618727865
925 3796.00279486969
926 3582.51930041759
927 3582.40593868182
928 2441.93944376146
929 3574.75000110382
930 3607.17281536721
931 3709.23663451087
932 3895.46843352627
933 3656.84738595711
934 3656.82556906233
935 3871.92196022067
936 4026.63105916713
937 4338.86242655576
938 4331.70341979522
939 4258.30964961295
940 4243.04384549042
941 4202.71794170889
942 4201.5806054494
943 4202.554689393
944 4244.44002263009
945 4294.41687019988
946 3959.84752108824
947 3969.59827342026
948 4250.83184331149
949 4386.4100630723
950 4243.72272296835
951 4218.05219596839
952 4184.68369500437
953 4171.40209162581
954 4169.43373202674
955 3025.84452829343
956 3024.70610700506
957 2728.16938894831
958 2729.52657396884
959 2784.62427827232
960 2714.70602662658
961 2713.96089860254
962 2926.38393293817
963 2786.78563149928
964 2528.25622133334
965 2786.75896699102
966 2866.98515712538
967 3121.53893568601
968 3025.3573862556
969 3025.31894455199
970 3028.44554980634
971 4525.24789572119
972 4244.51180151587
973 4226.8164387299
974 4220.35762474204
975 4211.32249332588
976 4205.05508386721
977 4198.66144824051
978 4195.35967348477
979 4190.24165290049
980 2930.52564272332
981 2929.78098056232
982 2791.85319986728
983 2791.4035294894
984 2899.775618928
985 3125.55504288394
986 2776.67418703393
987 1972.31354172168
988 2776.94346819842
989 4207.83715052467
990 2909.10377188108
991 2886.30761664683
992 2876.90062580049
993 2869.64612665911
994 2865.58805530823
995 2861.72573347799
996 4127.54508775244
997 2757.89626524868
998 2734.77132596125
999 2755.0834156218
1000 2827.13379092812
1001 2847.12439615952
1002 2636.06910940366
1003 2636.23023304798
1004 2765.42250417672
1005 2746.23926215323
1006 2746.9945050488
1007 2963.97291002357
1008 3095.85969021024
1009 3148.73586792579
1010 3045.60947693348
1011 3044.42637353116
1012 3042.63152278521
1013 3040.14075918153
1014 3038.37376041365
1015 3034.63276358433
1016 3033.72642339023
1017 3032.2843172007
1018 3000.90205042036
1019 2962.78731755119
1020 2954.87685517532
1021 2948.21822887002
1022 2942.45720864539
1023 2937.53087901442
1024 2936.01814857807
1025 2803.44825525248
1026 2933.4197207577
1027 2757.0522526854
1028 2754.64357653358
1029 2753.00045633735
1030 2752.90633399039
1031 2747.08087088139
1032 2747.38994458389
1033 2950.27566920975
1034 2763.919993288
1035 2763.83914900567
1036 2763.88775863787
1037 2609.35124091184
1038 2610.82590220834
1039 2646.8384120467
1040 2752.96081721462
1041 2790.81439686959
1042 2672.02560483851
1043 2672.16249431568
1044 2949.72130454494
1045 2791.77450817382
1046 2791.06822945313
1047 2803.57266984428
1048 3104.54434085346
1049 3203.86250929725
1050 3315.77182215642
1051 3149.78478067048
1052 3149.87637260087
1053 2987.30001486705
1054 2988.117669915
1055 2895.52101092832
1056 2895.36050205639
1057 2849.90407529212
1058 2850.10882429097
1059 2858.27076549352
1060 2767.00155789185
1061 2772.58259692295
1062 2902.75399586546
1063 2885.31628371602
1064 2885.14226865662
1065 3117.48927290473
1066 3434.31185939209
1067 3130.46288118985
1068 3130.68732174727
1069 3022.85192076931
1070 3022.92054332902
1071 2909.69132981033
1072 2910.09555748041
1073 3116.55050107295
1074 3076.87079906945
1075 3077.09796410664
1076 3345.36218976391
1077 2946.15611502713
1078 2943.27202823764
1079 2942.11121033999
1080 2942.36277917533
1081 3096.210240414
1082 3398.00561588835
1083 3280.05068720937
1084 3280.17421187443
1085 3531.70525891882
1086 3225.6718202696
1087 3225.83811292582
1088 3300.15249993487
1089 3524.6384827192
1090 3679.4927974718
1091 3666.40300595751
1092 3666.49748239678
1093 3338.27890580083
1094 4091.30766688985
1095 4298.62994726979
1096 4257.87207846477
1097 4217.99499271695
1098 4208.36252951472
1099 4202.7422439379
1100 4195.8245690059
1101 4193.99271873887
1102 4190.83810741833
1103 4189.58069561881
1104 4189.77911148978
1105 3928.88655879232
1106 3893.30508575559
1107 3889.22106432853
1108 3888.74649438626
1109 4059.45003538742
1110 4533.26567715786
1111 4164.73969092003
1112 4162.9565013795
1113 4007.10302179151
1114 4007.01977583031
1115 3606.52166182619
1116 3606.13004867387
1117 3270.19345746011
1118 3270.18635007911
1119 3560.12615770361
1120 3564.71486871854
1121 3688.17614284391
1122 3320.29019401922
1123 3320.5517105265
1124 3603.57309959961
1125 3920.41587526564
1126 4512.44416631362
1127 3430.06289139308
1128 2885.57583985912
1129 2603.38464533396
1130 2637.12498770924
1131 2710.15448477578
1132 2604.34846887675
1133 2631.75631275317
1134 2536.20415693601
1135 2547.75404280398
1136 2552.14134021907
1137 2644.91292306138
1138 2570.27954667271
1139 2571.37621776691
1140 2682.68202493005
1141 2900.75039111147
1142 3103.14040411219
1143 3412.45122432825
1144 3699.94666525915
1145 3799.85019512572
1146 3426.95224031849
1147 3424.92295936079
1148 3423.3238181333
1149 3421.69474474736
1150 3420.67525383671
1151 3343.0116661725
1152 3162.3185799879
1153 3339.1799741895
1154 3401.80016864941
1155 3254.92612617773
1156 3255.43725454097
1157 3027.681957601
1158 3028.73838575984
1159 2833.7583674885
1160 2833.09734401644
1161 2856.47006116251
1162 3197.66149686745
1163 3136.68576852732
1164 3139.64010557041
1165 3006.83992171014
1166 3006.86759841875
1167 2974.31502129396
1168 2974.28900591175
1169 2967.21650220341
1170 2967.18951963768
1171 2958.01166400502
1172 2971.95100804721
1173 3032.22342584327
1174 3124.12637834368
1175 3201.71060960849
1176 3131.32503761827
1177 3088.33437057734
1178 3065.79452893713
1179 3060.84644641065
1180 3060.90378714309
1181 2826.03202555355
1182 2828.94525652539
1183 2893.03153409336
1184 3928.99571821024
1185 4192.34832780604
1186 2900.216032388
1187 3957.29215765275
1188 3130.62127201219
1189 4218.80253989383
1190 4354.15441197839
1191 4404.44131782208
1192 2962.50882127686
1193 4037.69597584334
1194 4121.69069970692
1195 4157.11391090513
1196 4271.26031103603
1197 4278.17893989422
1198 4315.36118402292
1199 4421.64758628103
1200 4506.49992099504
1201 4362.21708363743
1202 4300.74382647992
1203 4292.24394081752
1204 4286.11627876089
1205 4283.39932956807
1206 4281.88070670888
1207 4278.50381819911
1208 4277.48718228195
1209 3928.9424808645
1210 3930.85485316594
1211 4323.84700750226
1212 4159.53677556115
1213 3076.0280768588
1214 3074.96652780175
1215 3123.27125027827
1216 3056.81367071639
1217 4106.03110973561
1218 3889.51672501743
1219 2830.61765770722
1220 2830.76108099714
1221 2669.82824033466
1222 2671.42400749892
1223 2741.44809239167
1224 2787.16812679899
1225 3012.00555998327
1226 2969.85716473369
1227 2969.82459744799
1228 2973.36365342428
1229 3018.94724323068
1230 3105.83760741597
1231 3026.58842424391
1232 3026.3550153834
1233 2950.42295768782
1234 2950.47946463816
1235 2908.11068790689
1236 2907.80296893312
1237 2932.78832997015
1238 2895.43788713438
1239 2895.69195469684
1240 3114.35714401043
1241 2855.88894683466
1242 2855.82205448586
1243 2836.33045832368
1244 2836.07929318982
1245 2793.82307452613
1246 2794.10231777197
1247 2779.24127265692
1248 2779.69172614933
1249 2834.97730775466
1250 2821.39423379829
1251 2821.3727305883
1252 2786.28659640671
1253 2787.14168929646
1254 2934.83759646162
1255 3065.50827985956
1256 2824.16093138857
1257 2810.65896531867
1258 2810.67749393576
1259 3788.50481495495
1260 4105.11076818943
1261 4364.16681083338
1262 3966.78483350132
1263 2991.41476855983
1264 3969.84110385125
1265 2918.96870915384
1266 3986.66937214065
1267 3736.66087310532
1268 2680.73182822136
1269 3736.80964690083
1270 2641.54362587768
1271 3744.56857877969
1272 2896.00131692761
1273 3984.27388712709
1274 3778.79037729471
1275 3778.80068395988
1276 2658.02746674885
1277 2660.34050467723
1278 2535.23386965627
1279 2545.96678398292
1280 2436.03253452379
1281 2453.53619566785
1282 2666.82286623158
1283 2961.62013783697
1284 2909.90882479815
1285 3948.77497880734
1286 4090.36577042848
1287 4201.84275549077
1288 4116.33422910349
1289 4075.00555845946
1290 2969.1908187592
1291 4066.68732100228
1292 4222.63420025707
1293 4266.15214267049
1294 4297.67200294447
1295 4243.71263040827
1296 4176.90032570246
1297 4150.79806420743
1298 4128.07927160081
1299 4119.1799090354
1300 4112.6800854703
1301 4106.49645156553
1302 2965.69934352291
1303 2962.47606965021
1304 4094.12324136438
1305 2933.1362017286
1306 4013.95481807269
1307 3971.72096442161
1308 2845.6954120599
1309 3992.04242391769
1310 4259.22697330388
1311 3148.21962047941
1312 3054.00295993139
1313 4249.85605389445
1314 4218.25906679841
1315 3012.02443740932
1316 3006.88880155778
1317 4188.26475117632
1318 2763.89882148434
1319 2763.56123128017
1320 2712.11911512065
1321 2737.3407441878
1322 4027.62636215103
1323 2906.55687038649
1324 4007.23588106228
1325 2743.08896270737
1326 3898.12803419975
1327 3681.3722994922
1328 3681.77706583082
1329 3755.5778959084
1330 2550.53850038194
1331 2570.50585209114
1332 2608.11516070688
1333 2618.24913065946
1334 2799.04172027472
1335 2638.54822063749
1336 2637.9438425451
1337 2496.91703193795
1338 2507.32328651673
1339 2457.94819842529
1340 2457.98526242314
1341 2448.27381806674
1342 2452.21774187878
1343 2409.3464573817
1344 2451.77444344494
1345 2254.23984543775
1346 2452.98293075113
1347 2421.67071311497
1348 2439.36146022378
1349 2426.91853392934
1350 2440.30230721715
1351 2454.25442350429
1352 2482.00398253047
1353 3454.55624128881
1354 3524.40658396342
1355 3904.01024258064
1356 2558.35336824559
1357 3626.65430855748
1358 3977.8900238926
1359 4159.60172542542
1360 4112.63004887626
1361 4039.31919205832
1362 4032.38395418371
1363 4029.27531379956
1364 4036.1776492016
1365 4208.55577485183
1366 4070.80891380079
1367 4078.45378673029
1368 2962.78018786116
1369 4025.37978204124
1370 4167.51325107671
1371 4030.33919462564
1372 2776.53403503722
1373 3846.92455171929
1374 3864.61768453909
1375 2533.41230464839
1376 3589.33245374707
1377 3737.80024997113
1378 3763.19338073989
1379 3923.13623411597
1380 4277.01006135044
1381 4244.9282299696
1382 4193.74624073798
1383 4165.50383411092
1384 4144.68172090765
1385 4140.84806943002
1386 4128.94911454353
1387 4124.57522449822
1388 4121.73861465925
1389 4118.52123323463
1390 4114.79489812469
1391 4115.34547653832
1392 2757.92297654909
1393 2857.91655604356
1394 4548.42029643014
1395 4808.35536935211
1396 4400.45359259667
1397 4373.75004058474
1398 4368.06295437647
1399 4519.94257790217
1400 4447.49292051607
1401 4449.4956669916
1402 4431.4142792677
1403 4430.67251044298
1404 4430.85718387903
1405 4660.33710873531
1406 5098.01864736488
1407 4662.06694898856
1408 4667.16657987476
1409 4502.64766796635
1410 4517.12806459131
1411 4700.7917396617
1412 4715.69244348809
1413 4717.97565391202
1414 4769.0904347348
1415 4555.89064718069
1416 4560.30312462984
1417 4616.71494999712
1418 4410.454801602
1419 2843.03978288514
1420 2843.1149613566
1421 4667.49133324586
1422 5090.9297847672
1423 5044.316509924
1424 5050.0357279745
1425 5293.62652018336
1426 3015.42842142577
1427 4846.14448487683
1428 3059.139167783
1429 3058.55367853903
1430 4748.93888179625
1431 5122.91493328266
1432 4930.94282401068
1433 4981.80359366598
1434 5354.031654983
1435 6036.81642594793
1436 6763.09508536795
1437 7874.7681974798
1438 6674.23661004539
1439 6677.13794723954
1440 6436.33114773076
1441 6452.43893260111
1442 5925.97588053726
1443 5936.51696278607
1444 5921.79776120011
1445 5930.01518789016
1446 6242.68965218023
1447 7168.89098518273
1448 6997.0480253658
1449 6996.91276316168
1450 6161.30305626964
1451 6161.19186511663
1452 5495.32334685518
1453 5494.9691403361
1454 5119.10350301022
1455 5119.18050285064
1456 4851.49676768076
1457 4851.91396868558
1458 2931.20517715567
1459 4593.45313593429
1460 4317.85806501549
1461 4318.34746715494
1462 2902.42071396528
1463 4535.29181429733
1464 3035.59575463025
1465 2972.12438044662
1466 2972.0503647092
1467 2829.00937555716
1468 2829.05601061621
1469 4667.42418598187
1470 5096.8356974614
1471 5446.58218470023
1472 6166.80674250917
1473 6567.42555994909
1474 6252.46599425956
1475 6253.95973012628
1476 7043.28050179278
1477 8033.34774519815
1478 7031.60482851062
1479 7030.92006250928
1480 8454.15071202925
1481 7689.30433842091
1482 8162.13108528123
1483 9323.97042115855
1484 8749.56158122003
1485 8748.75966783862
1486 8116.20854300648
1487 8116.38871284642
1488 9248.37900753557
1489 8298.02717322756
1490 8299.54570375987
1491 10046.2289860588
1492 10049.789953091
1493 8502.84308995607
1494 4811.97438911187
1495 8502.59298982713
1496 7882.23003477792
1497 7883.62960010956
1498 9296.1051950045
1499 9659.68023816307
1500 9688.38156806587
1501 9775.05623469426
1502 9775.08878873495
1503 9712.9079367372
1504 5419.87472338763
1505 9720.39551510831
1506 9678.40915357539
1507 9679.49969755466
1508 8838.44420767472
1509 8832.7503289139
1510 8837.36599666706
1511 7226.48502371197
1512 7131.64315597863
1513 7221.13359046186
1514 6683.66955705552
1515 6683.68179504684
1516 7068.26983494095
1517 8614.69146740431
1518 9633.88226388919
1519 9653.64164363577
1520 9620.30846887991
1521 9623.52324996999
1522 9420.1357915119
1523 9453.64639077542
1524 9732.37731336423
1525 9809.62702146027
1526 9841.22157570175
1527 5522.1877559207
1528 5516.03801694657
1529 5507.21991065042
1530 9772.1787410348
1531 8454.05368739694
1532 4617.01195799314
1533 8454.20024730934
1534 9195.98281636545
1535 4801.9091900389
1536 8843.83646122838
1537 9148.88402490518
1538 8519.00734099302
1539 8529.1701262818
1540 7529.37997189684
1541 7558.28473001252
1542 6597.47286057419
1543 3913.77273162578
1544 3913.29929888817
1545 3913.44897865287
1546 7607.70816855086
1547 9436.23607854607
1548 9690.00705518535
1549 8001.86883199025
1550 8013.27120016427
1551 4932.31161537101
1552 9261.83041416365
1553 9805.48029951
1554 5479.84463422751
1555 5480.39758080709
1556 5538.36312123937
1557 5490.03461467877
1558 5485.58429581091
1559 5490.05424886561
1560 5517.31354182299
1561 5544.61358122408
1562 9829.37287788461
1563 9833.73370784027
1564 9789.75120134156
1565 5460.26511933398
1566 9769.89006674579
1567 9795.76246654324
1568 9776.04199669562
1569 9768.19534395819
1570 9761.73278242269
1571 9761.80338177523
1572 5450.39813461436
1573 5694.46163958383
1574 5362.00588860935
1575 5372.03647878175
1576 5387.45314292133
1577 9673.38886104272
1578 9606.34150514192
1579 9603.95978185925
1580 9602.00932379319
1581 5296.22530533469
1582 9601.03214702212
1583 9613.45164082447
1584 9641.97882252552
1585 9564.45424255424
1586 9558.89949602944
1587 9564.32279566761
1588 9561.79673406885
1589 9558.62856439241
1590 9557.01451016921
1591 9556.5695478214
1592 8514.94354132324
1593 8514.59707054221
1594 8514.4245372631
1595 9642.25889830099
1596 9704.81532217581
1597 9715.88036260062
1598 5128.29231947639
1599 8801.13351895072
1600 5518.68134597439
1601 5517.60591055601
1602 9816.70409541265
1603 8540.07050333958
1604 8575.29591889745
1605 9710.79930157302
1606 5033.03522021039
1607 8618.87763329193
1608 9334.52746026297
1609 9800.25140996137
1610 9750.48037904703
1611 9737.97632276923
1612 9736.94891426058
1613 9735.00280314326
1614 9734.63240901602
1615 9734.25693147989
1616 9850.34589963525
1617 9633.92386624617
1618 9051.26313002229
1619 9016.53063034392
1620 9059.91478941925
1621 8218.75184681556
1622 8190.35186236268
1623 8188.36523697074
1624 8183.45081034964
1625 4854.39987647628
1626 8210.09746030081
1627 9847.03587192191
1628 9084.74802031315
1629 9110.1071920107
1630 9265.22812880115
1631 9869.72844220071
1632 9810.58286531661
1633 9882.20137022478
1634 9878.51325602288
1635 9761.32036185462
1636 9866.86964462378
1637 9890.18743018169
1638 8242.30733081402
1639 8245.9689629584
1640 4812.59638853026
1641 7465.01077514086
1642 8645.39300214778
1643 7936.02249194838
1644 5075.72386448721
1645 7936.28656683729
1646 4749.94796623455
1647 4749.80137994325
1648 6972.65889906423
1649 6906.97072634587
1650 7935.70490312363
1651 8281.47215374697
1652 7981.82520381754
1653 7987.20675806278
1654 7208.96950579804
1655 4536.52211140001
1656 4536.49008077768
1657 7010.51447585998
1658 4137.86407776699
1659 4137.61158689337
1660 6230.54560433553
1661 6752.32229815299
1662 7050.8473960108
1663 4342.33916532986
1664 4342.02116523768
1665 4078.99108663144
1666 4078.09302776411
1667 6330.87178141262
1668 6907.60197449199
1669 4446.43485362497
1670 4446.74293343921
1671 6698.05092384637
1672 7254.22212746573
1673 7303.66772343919
1674 8506.85175587886
1675 9659.94527614949
1676 10539.9347458228
1677 8838.10132600742
1678 8959.02896564396
1679 10399.3368072552
1680 10532.2025717553
1681 10553.606088662
1682 9601.78709033423
1683 9602.02969251964
1684 9432.77382447662
1685 9431.41339879813
1686 9431.76424767355
1687 10578.7944357435
1688 8690.15807507362
1689 8690.51927758663
1690 8552.18178559901
1691 8551.07665684425
1692 8405.99359246422
1693 8406.6862048183
1694 7821.48956371108
1695 4994.30997265128
1696 7822.05746546912
1697 9091.20920516404
1698 10517.3036439412
1699 10563.1039561111
1700 9557.86138360118
1701 9557.85303282047
1702 8721.00951555452
1703 8720.62528527112
1704 8720.5207756767
1705 9367.90209300645
1706 10518.1138261224
1707 10546.2987110263
1708 8809.40676273125
1709 8881.05174312197
1710 10417.7239449624
1711 9525.99315847147
1712 9565.48401048975
1713 8802.88669549532
1714 8802.25159381574
1715 8456.35899732921
1716 8646.46364791499
1717 9541.7803116738
1718 8805.53054142804
1719 8818.79372498589
1720 5198.23742131627
1721 8137.98220298316
1722 7958.84057224029
1723 7890.10658927748
1724 7755.96652287288
1725 7751.6330646397
1726 7751.33809372861
1727 8252.76739964281
1728 7776.03372921504
1729 7899.34235912116
1730 7050.99948149988
1731 7077.15990122801
1732 7259.43383565559
1733 6903.96561000498
1734 7149.90144644123
1735 7642.00217310745
1736 8310.38715921001
1737 9594.47633914235
1738 10678.3257706966
1739 8965.2315803626
1740 8831.86259732483
1741 8963.89662685763
1742 10294.1690865007
1743 10281.1993594375
1744 10281.0572298652
1745 10786.7212391028
1746 10826.7449303299
1747 10813.4127684443
1748 10813.1258483033
1749 10833.6029848776
1750 10885.2447201057
1751 10038.7591262896
1752 10041.8155193392
1753 10854.8296305967
1754 9378.34759262893
1755 9378.68750356086
1756 8204.91898136259
1757 8204.20002637958
1758 8205.24936518726
1759 7436.52129876807
1760 7438.5056281162
1761 8055.08156111771
1762 8855.79033202534
1763 7810.20681999408
1764 7809.8097458043
1765 7809.85516814896
1766 8651.6628401071
1767 10532.1916670235
1768 10785.3698222093
1769 10815.9816440264
1770 10778.4170849698
1771 10773.8338407985
1772 10771.7534008744
1773 10771.4473625406
1774 9707.24792883449
1775 9707.5291192709
1776 9570.92607170818
1777 6003.83664055015
1778 9570.23646361449
1779 10194.7153452793
1780 10659.3478597545
1781 10695.8441766988
1782 10291.279111881
1783 10291.3921612362
1784 10832.291373999
1785 9295.90104514263
1786 9490.59380774673
1787 8339.2454330903
1788 8339.0849910027
1789 5310.04579982208
1790 8345.03204326974
1791 8479.51328938762
1792 9428.78291238675
1793 10629.1067811669
1794 9649.8627341967
1795 9651.75824274231
1796 10362.7962420001
1797 10705.2029485183
1798 10683.5820397418
1799 10678.4238404713
1800 10674.5877699745
1801 10673.5750393291
1802 9465.66952976028
1803 9466.27996786955
1804 8181.40813221834
1805 8279.86713721761
1806 8554.0551264214
1807 6993.27171149519
1808 7654.99304874485
1809 7682.92392448046
1810 10476.5387198949
1811 10611.0788433062
1812 9372.60345693926
1813 9373.91022513006
1814 10609.7481151427
1815 9391.0865097195
1816 9394.58664972772
1817 8385.86967577128
1818 8403.7360038669
1819 7881.45096849315
1820 7989.53659103648
1821 6530.71608535013
1822 6713.32338398908
1823 8450.27856821687
1824 8701.12921807881
1825 7023.39685714641
1826 7031.40747739844
1827 6386.1117747637
1828 6610.9051766446
1829 8309.93653218133
1830 10215.6797080264
1831 10566.6717222762
1832 10545.6740159755
1833 10550.7723712909
1834 10577.1394375904
1835 9225.06466054583
1836 9223.75307416772
1837 9223.05380310803
1838 9222.5346719531
1839 9222.1998130827
1840 9222.63013340616
1841 10654.7866766148
1842 10590.5380557432
1843 10590.5358577826
1844 10590.5254067921
1845 10590.5147799968
1846 10590.3234431755
1847 10590.034863696
1848 10589.9879955069
1849 10590.5946960034
1850 10655.8193363507
1851 10703.8367401655
1852 10546.3913610409
1853 10544.5718653362
1854 10260.6712841873
1855 10132.0357161167
1856 10079.7233688089
1857 10017.9906119496
1858 9965.77511827244
1859 9951.26977944434
1860 9936.97743295202
1861 9929.14211650366
1862 9924.00228861937
1863 9917.75014606002
1864 9916.42350303111
1865 9915.0718258877
1866 9915.07203710109
1867 9059.03703616271
1868 8952.66372783623
1869 9077.18122250394
1870 8657.97247012199
1871 8799.73861359046
1872 8670.09412366478
1873 8698.03337703935
1874 9982.71063898251
1875 7914.77276082116
1876 7912.95312906162
1877 7912.05943271734
1878 7911.7308661368
1879 7910.54424384013
1880 7910.95274547386
1881 10049.3348749843
1882 10740.1127637049
1883 10735.9318365678
1884 10734.0797896941
1885 10735.3488221027
1886 7797.50211207937
1887 7798.53706714085
1888 9561.85708650486
1889 8055.81752769629
1890 8056.61273031718
1891 7149.32228186515
1892 7218.26819498791
1893 6572.91514846344
1894 6680.97107753358
1895 7329.26725353888
1896 7651.67267403394
1897 4396.50896227182
1898 4443.97991287127
1899 8006.48899153569
1900 5241.95133214018
1901 5236.77585273817
1902 5231.31614352646
1903 5238.05132406835
1904 5965.18865872439
1905 10483.9919040719
1906 8434.58334911188
1907 8432.62484997382
1908 8433.70294725236
1909 10322.3079103554
1910 6613.5896412677
1911 6608.7161397719
1912 6608.85241563904
1913 6664.08406349949
1914 6570.86421168668
1915 6565.63158722114
1916 6563.64539129503
1917 6564.58258643373
1918 6604.65088712679
1919 10857.9648582311
1920 8367.96274203252
1921 8367.44530476801
1922 8367.66361622886
1923 10933.7557257294
1924 11006.5514304691
1925 10918.4004756157
1926 10913.4500060628
1927 10913.1410773167
1928 10913.6097750819
1929 10981.419882444
1930 6669.26751203257
1931 10950.8777173433
1932 10976.7801677995
1933 10867.9480349291
1934 10863.2740630167
1935 10862.5190797877
1936 10862.2815123726
1937 10861.6180226852
1938 10861.920024316
1939 10910.0241224951
1940 10965.0139020589
1941 6380.78034111196
1942 6381.27104607845
1943 9473.51990468646
1944 8889.03029165535
1945 9007.34747821203
1946 10894.4872966833
1947 5750.4099840554
1948 9023.46929409021
1949 10374.2057633991
1950 10799.5480519368
1951 10074.1832393278
1952 10117.1232324568
1953 8832.74080451149
1954 8842.82516353427
1955 5403.93481551474
1956 8475.69787260899
1957 8825.70369279302
1958 8833.39306922589
1959 7916.2525705888
1960 8010.53125392396
1961 7803.47695850258
1962 7804.42939588885
1963 7143.73316580538
1964 7144.22841502223
1965 7693.96202418979
1966 10189.1538086669
1967 8196.47878775337
1968 8196.2551597168
1969 8195.89699201888
1970 8196.10833035632
1971 7931.77398133049
1972 7930.98173199075
1973 7936.73209486357
1974 8402.24543757169
1975 9362.93195364801
1976 7855.37873811106
1977 7887.49265614492
1978 9827.17737829641
1979 10600.5890612662
1980 7991.82946201701
1981 7991.92723910413
1982 7171.32475186912
1983 7172.02115200421
1984 7574.97624446263
1985 8015.38135469753
1986 10743.1364143078
1987 8110.04362749887
1988 8110.02743788043
1989 8109.95378418853
1990 8110.15437459859
1991 10712.4129174685
1992 8450.43564646818
1993 8468.86954311963
1994 7121.59672521485
1995 7120.51230457146
1996 7120.52331688645
1997 6661.13451849138
1998 6823.65358364122
1999 6433.25779846785
2000 6644.46258663591
2001 8308.57574366034
2002 10046.8024138122
2003 9908.84435302938
2004 9906.46554325407
2005 9904.68142931091
2006 9709.86738401279
2007 9903.77740398243
2008 10087.5744810646
2009 10078.2100304828
2010 10073.1222336622
2011 10069.9650596967
2012 9826.57576833983
2013 10067.8331793393
2014 8300.23511731385
2015 8299.60739797593
2016 8299.90500009395
2017 10089.5854843762
2018 8694.58936618817
2019 8693.60300776665
2020 8692.64457245006
2021 8691.96342505373
2022 8691.78748925874
2023 8691.87211768613
2024 10083.0484237826
2025 8718.20405330429
2026 8937.01133706827
2027 8270.69536247945
2028 8749.97264771532
2029 7384.55486597943
2030 7605.95559930666
2031 9760.8442036405
2032 10031.9333883759
2033 10054.9187178777
2034 8668.39610483747
2035 8667.96162999099
2036 8668.09665584467
2037 8810.5705893311
2038 6785.29059435498
2039 6785.24751188411
2040 6785.56620493263
2041 7708.82264444001
2042 6941.03228234169
2043 6941.11119939432
2044 6500.51486994098
2045 6598.66314421915
2046 5684.23796814313
2047 6231.5482127174
2048 8043.0653205666
2049 8447.50488853318
2050 6819.73072297267
2051 6819.30244339834
2052 6602.69095281874
2053 6818.98216707501
2054 7998.20907623981
2055 8753.55976482073
2056 9982.64660845443
2057 8641.99814199479
2058 8669.75582754002
2059 7798.20398530998
2060 7866.8681294864
2061 6995.50718183471
2062 7052.02310232848
2063 6557.96413164565
2064 6611.68750603454
2065 3795.71718871106
2066 6130.99779739458
2067 7429.51569804334
2068 7416.08331063167
2069 7424.26840374537
2070 5984.35505291576
2071 6035.00372098199
2072 5649.69095512623
2073 6000.93599426011
2074 7774.18476137118
2075 6528.53339511604
2076 6528.71162627921
2077 8178.50847113692
2078 9303.90827685306
2079 7873.39020065166
2080 7866.77196935778
2081 7866.1646935157
2082 7866.17794136347
2083 6282.46093987297
2084 3874.25680191697
2085 6284.79580794427
2086 7469.04872353824
2087 7175.63328766756
2088 7175.14450167102
2089 7174.95703975225
2090 7175.42185045157
2091 9184.24052002776
2092 9898.78600575014
2093 8952.52702329586
2094 8951.90211163279
2095 8952.6661096285
2096 10004.6588509209
2097 7552.35555117469
2098 7552.86905565837
2099 6828.79141965181
2100 6876.3857438315
2101 6027.76498754588
2102 6055.3360285125
2103 5717.43214607887
2104 5978.85661898368
2105 5850.01918335209
2106 5974.34473721107
2107 6560.78933348036
2108 5522.7441492314
2109 5965.86649356588
2110 6605.81427405641
2111 6311.4596746014
2112 6358.75523792995
2113 6905.1394439269
2114 9272.76045636126
2115 10062.0749366437
2116 8280.29611754966
2117 8280.32944129687
2118 8451.5258683353
2119 7849.40128673869
2120 7795.36755130005
2121 7790.95218051204
2122 7789.51908902565
2123 7783.09259435045
2124 7595.40078136799
2125 7781.59792338533
2126 7125.35354528912
2127 7124.84228030422
2128 7124.37228183576
2129 7124.95090503858
2130 5966.86703422085
2131 6167.30884362692
2132 7327.21811915822
2133 8418.00197071834
2134 9131.75515878379
2135 6765.03985483595
2136 6751.06003315392
2137 6759.05616852449
2138 9170.83746358249
2139 9353.0325546044
2140 9706.68085661499
2141 8843.80612447669
2142 9008.09029915069
2143 10061.9502719148
2144 8785.27160330036
2145 9022.48216615164
2146 10075.1525292728
2147 10102.2110276004
2148 10146.4345719718
2149 10119.6327962704
2150 10113.9458028932
2151 10113.4080747799
2152 10112.271955393
2153 10111.9194232493
2154 10112.311453326
2155 9751.68433603412
2156 10146.5669444273
2157 8159.00368846571
2158 8235.68609795437
2159 10109.8342969077
2160 10115.8832286887
2161 10115.7960805539
2162 10113.4873250244
2163 10112.746814423
2164 10112.782132383
2165 10147.6201840586
2166 5262.81334930374
2167 5263.47242410254
2168 10229.9375359243
2169 10045.5063382779
2170 10047.4409392637
2171 10031.8928788672
2172 10034.9200131372
2173 9028.71167138548
2174 8986.00442522481
2175 8981.3145434608
2176 8980.73677505838
2177 4956.48180360525
2178 9009.81544462816
2179 5568.54784920876
2180 10056.4934088415
2181 9798.11668697994
2182 10140.7134853787
2183 5822.24019761501
2184 5828.35798555252
2185 10065.9656641199
2186 5715.72714848219
2187 5716.06748196088
2188 5581.53514564076
2189 5581.12572214351
2190 5581.81188766071
2191 10138.812609713
2192 10046.2793923614
2193 5743.54738966781
2194 5744.05283597507
2195 4425.67611507769
2196 4425.83004855198
2197 10052.086330318
2198 5772.22674282767
2199 9729.10645228657
2200 4862.24477646647
2201 4861.62676909532
2202 8054.52071402327
2203 8967.1564646473
2204 9645.571117996
2205 9733.21948882099
2206 4196.82013057905
2207 7234.66639588132
2208 7358.2386444474
2209 4708.18143324583
2210 8709.17514956232
2211 7960.8467967114
2212 7958.44045456581
2213 8061.95162214745
2214 8647.50400168874
2215 7377.33900504114
2216 7417.13590227243
2217 6195.84320154197
2218 6202.6974206157
2219 7836.329467056
2220 7649.1342299342
2221 7748.71955956776
2222 7464.75389408061
2223 7774.86008497829
2224 6206.52150440563
2225 6213.46588156814
2226 5304.47400929873
2227 5321.85848541979
2228 5151.85819991918
2229 5145.72135481892
2230 5146.45717567482
2231 5211.10432519142
2232 6253.79052253051
2233 7032.19030843398
2234 9833.93038206757
2235 7212.0464704281
2236 7211.96198646016
2237 7211.15528301869
2238 7210.63636876506
2239 7210.9619749058
2240 6825.55389092764
2241 6825.66914941195
2242 6102.00373904855
2243 6079.13864430823
2244 6079.6506223944
2245 7303.38427242468
2246 9312.04109192734
2247 7554.80614160659
2248 7553.95599195404
2249 7571.24292850917
2250 9860.50150020983
2251 8387.85921054612
2252 8387.62209122227
2253 8387.02934575035
2254 8387.5820925796
2255 9836.78204948241
2256 9863.07506661593
2257 8185.16054948412
2258 8185.00589645217
2259 8194.76112786285
2260 9834.67291176576
2261 9862.39645382062
2262 7813.11946322052
2263 7814.11128451273
2264 9847.73448852288
2265 9694.69635304659
2266 9748.62439409856
2267 9804.31021877545
2268 9683.05015019592
2269 9799.17556517943
2270 9809.9723963658
2271 9826.02272369626
2272 8659.54670831351
2273 8746.80807824782
2274 9834.85866471674
2275 9870.50030161677
2276 8982.43502831262
2277 8981.86405173088
2278 8981.97583822217
2279 9724.84074368779
2280 8116.49164037151
2281 8117.46069616159
2282 6986.48241012512
2283 6986.8531556161
2284 7697.86205496705
2285 6231.60763512467
2286 6232.70777375777
2287 6243.2663809593
2288 7088.89707003916
2289 6574.22069802018
2290 6574.62075194698
2291 7166.61245452287
2292 6233.94381404199
2293 6235.00830974962
2294 7624.42478153779
2295 9807.77829796807
2296 7597.8626013179