1 1205.12813046106
2 1313.08124295259
3 1403.66972540174
4 1458.4981943856
5 1471.7237444886
6 1472.04020473367
7 1445.07212547617
8 1477.62085791188
9 1584.05651915244
10 1626.55914874129
11 1641.00843456595
12 1574.11884909552
13 1617.43726915425
14 1600.16569345877
15 1579.65184054016
16 1611.54468304083
17 1627.41492136117
18 1654.68332691606
19 1588.35903500736
20 1615.87977740298
21 1567.24268724081
22 1607.13908006307
23 1591.60613835578
24 1629.34266007246
25 1624.48829042653
26 1622.730075171
27 1592.58257155
28 1588.850387589
29 1642.3281737047
30 1661.06483749833
31 1677.61151440072
32 1734.16800417794
33 1789.95189403155
34 1764.11748641867
35 1741.82144307084
36 1760.00379050361
37 1762.90768814745
38 1582.41021754404
39 1785.41775337867
40 1779.32950864885
41 1792.12814391046
42 1751.83312458842
43 1789.40425655034
44 1738.84516626754
45 1752.98288650363
46 1722.54163308793
47 1728.80669870771
48 1767.56979018071
49 1747.22673924548
50 1778.70011129195
51 1783.97125275022
52 1756.95927668366
53 1761.41793838242
54 1753.73090246366
55 1796.23684539184
56 1850.39022177644
57 1806.20531428592
58 1851.41345024593
59 1900.41111225873
60 1911.24964473612
61 1940.84740417821
62 1919.70317207605
63 1940.85642701756
64 1936.27754351778
65 1928.96234705368
66 1957.96874839058
67 1960.68443155939
68 1940.00755947198
69 1897.58797354826
70 1938.66713959307
71 1936.08148945438
72 1902.74473556546
73 1927.32006754475
74 1905.76112634015
75 1932.23017334929
76 2023.03212537775
77 1907.49045753872
78 1955.10151266406
79 1961.06637033871
80 1965.68089816703
81 1971.71211290568
82 1965.7090852782
83 1915.81888228349
84 1968.66726046672
85 1954.15853997105
86 1967.95304395491
87 1942.2221101899
88 1956.57581064731
89 2006.93761428237
90 2036.53948683833
91 2037.12005808401
92 2013.84425814521
93 2006.16048791588
94 2006.41567144466
95 2012.54906799641
96 1988.60588929154
97 1980.3945919915
98 1942.73636495758
99 1949.52200757993
100 1938.40716115798
101 1920.33924310282
102 1990.50591516837
103 2038.5220720385
104 2092.35011672102
105 2146.43788526189
106 2145.24420023855
107 2167.01466983604
108 2159.46949424492
109 2142.00426568026
110 2146.58672911557
111 2086.64390730403
112 2085.2867910922
113 2052.63160390306
114 2089.81906946073
115 2183.49148906084
116 2176.03006506496
117 2194.78520095566
118 2131.35386700659
119 2104.76668396646
120 2137.56021939183
121 2225.08699442259
122 2195.24258617797
123 2200.42623205926
124 2126.1012956941
125 2140.9594270765
126 2313.84770315512
127 1953.47237200235
128 2317.67485817017
129 2254.39645440338
130 2263.55920911453
131 2322.02122504882
132 2236.9247797696
133 2239.23805194072
134 2182.302545386
135 2235.02181552076
136 2297.46966980321
137 2346.24429102497
138 2243.02455265643
139 2258.61874572923
140 2335.36743655347
141 2380.8816254514
142 2208.49182896788
143 2225.8328902298
144 2215.33319253324
145 2266.33152571946
146 2296.36927943279
147 2282.27672058579
148 2332.85358065787
149 2335.2606467055
150 2317.8639420276
151 2362.78136593485
152 2344.47538014342
153 2329.51637162752
154 2343.91315374324
155 2286.95166871512
156 2290.97858526914
157 2306.48435241073
158 2272.6768602844
159 2218.91934268895
160 2236.95079374322
161 2195.44211370537
162 2186.12624463563
163 2179.77464710468
164 2140.69577042198
165 2129.76260986395
166 2154.93374749499
167 2135.13597961957
168 2134.7562123405
169 2142.16626341684
170 2129.51126379607
171 2139.470046823
172 2112.42357300956
173 2124.19683345563
174 2126.08856036829
175 2127.11391374974
176 2148.83358324089
177 2120.23245645791
178 2123.91325648687
179 2106.88087254764
180 2102.92035299763
181 2109.56800830205
182 2062.04892003266
183 2081.52703883671
184 2091.86066910092
185 2104.01799773946
186 2114.74695807908
187 2141.93150808628
188 2168.36142774671
189 2173.72814506239
190 2169.9374030289
191 2128.81768050206
192 2128.77267206391
193 2105.98569587069
194 2105.11864298583
195 2083.20248404683
196 2082.94266309949
197 2064.36845258015
198 2049.2934432537
199 2073.69695321684
200 2085.1719605307
201 2081.54023471209
202 2076.56465474026
203 2094.37180938851
204 2121.37441391671
205 2128.52848935908
206 2132.35755455759
207 2123.85155949741
208 2100.84898140882
209 2122.51800005713
210 2113.82036810085
211 2075.80854767313
212 2085.99739493113
213 2092.60228389707
214 2109.83270830427
215 2077.34494833443
216 2106.63153466249
217 2128.91339847479
218 2169.35440863395
219 2144.11811256699
220 2145.77819751528
221 2124.46478477174
222 2134.87126506639
223 2141.72013084403
224 2153.23229335054
225 2164.5716561658
226 2169.13744432273
227 2159.546802217
228 2168.94146703194
229 2201.08448443217
230 2173.96737654616
231 2227.03316841973
232 2215.48916588357
233 2215.46521237178
234 2183.60221887872
235 2204.40690362109
236 2165.99931127642
237 2170.38223199046
238 1833.3918230828
239 2141.87230985371
240 2108.70717216072
241 2138.20706543947
242 2188.45160609085
243 2209.25895773253
244 2267.31974139244
245 2312.30764174206
246 2262.48787940499
247 2232.92236935161
248 2235.63523546933
249 2243.57106545399
250 2290.3359876845
251 2249.06611157683
252 2259.27458448233
253 2230.1641481656
254 2254.18453637263
255 2260.75604767852
256 2249.08866770553
257 2247.89690797878
258 2239.61070820536
259 1897.50717479609
260 2252.35790619533
261 2230.53200766556
262 2201.04785204373
263 2178.6911027046
264 2192.34014722047
265 2217.94782607024
266 2192.91826300762
267 2214.73932960003
268 2225.00505033071
269 2184.63025128533
270 2178.53818723846
271 2193.65659570514
272 2166.50007456613
273 2166.84131645737
274 2186.69801554756
275 2161.38168286188
276 2171.34205060242
277 2115.8416002651
278 2159.29171468631
279 2146.29718462552
280 2165.95779016826
281 2204.88158683335
282 2205.51968488013
283 2165.83823351437
284 2162.59435056903
285 2149.95376051025
286 2179.95424064895
287 2200.96109054676
288 2226.21700618636
289 2200.91393133667
290 2223.50061673793
291 2207.33761193947
292 2252.04301382823
293 2295.01547163392
294 2223.34857947347
295 2273.12285441721
296 2293.34989585995
297 2252.17928122346
298 2252.73717005198
299 2198.35051110209
300 2193.92040870147
301 2228.57901769393
302 2165.91662595047
303 2184.68009623061
304 2198.41394299447
305 2196.35893101857
306 2199.67203162384
307 2178.8986512118
308 2176.29465902407
309 2158.1298660163
310 2151.70170831767
311 2133.8656055726
312 2134.70229306865
313 2155.71610900325
314 2107.35515676691
315 2151.16497533415
316 2152.74458087956
317 2220.45980916153
318 2182.73497153357
319 2203.3667888932
320 2186.11249949775
321 2172.36283384934
322 2167.96853270367
323 2104.41527482848
324 2127.23425520628
325 2126.75712336932
326 2165.43019098005
327 2129.60364065972
328 2124.84771292998
329 2111.04045916959
330 2172.82714257913
331 2146.75968120574
332 2177.17724044538
333 2135.85251811215
334 2164.20752169287
335 2228.01980356836
336 2177.59384751497
337 2164.5297158466
338 2231.10795664234
339 2240.99919218402
340 2200.99305969779
341 2193.88508792268
342 2183.57682837741
343 2226.56735927527
344 2239.59987771439
345 2220.23257213516
346 2214.08561355045
347 2222.67610455682
348 2266.79142620863
349 2260.61610316333
350 2264.90522856452
351 2263.55370270162
352 2232.97515193051
353 2205.34600201688
354 2210.93224719978
355 2237.58902074831
356 2235.00382946833
357 2191.72193800995
358 2197.53459000797
359 2182.45885883316
360 2188.96090072961
361 2168.33606133923
362 2196.38902442249
363 2222.55508966649
364 2206.9916797689
365 2216.85736624492
366 2177.57922571084
367 2211.0924752067
368 2197.35974064374
369 2185.38562046056
370 2198.16135455938
371 2257.69800340495
372 2280.33657749963
373 2309.80975088182
374 2250.24592270797
375 2254.47236598655
376 2258.73997649497
377 2250.43759747558
378 2263.85004094071
379 2196.11476618276
380 2188.57815590804
381 2176.13120175893
382 2125.90492862075
383 2156.89329666613
384 2172.59672229553
385 2195.54841755856
386 2142.22056516923
387 2145.18293540245
388 2158.79360619456
389 2142.53568677423
390 2143.60939619608
391 2101.35188921322
392 2103.77711687823
393 2103.41580332005
394 2103.58269066457
395 2101.54796632281
396 2115.62821573571
397 2073.21120525856
398 2070.46362284423
399 2067.69519879616
400 2009.58805578247
401 2003.68377165835
402 2000.13446483298
403 2049.5151395455
404 2115.02239398167
405 2074.16762828982
406 2082.36319324625
407 2106.18026667032
408 2152.70516600541
409 2185.80763832223
410 2152.30596950313
411 2180.64036185588
412 2142.77392919082
413 2152.69360222442
414 2094.9577792789
415 2127.50539790155
416 2164.48802412585
417 2196.25141927373
418 2154.56623023181
419 2180.8110909911
420 2155.306993761
421 2150.58993251983
422 2117.30975608409
423 2170.62630109103
424 2180.92462424415
425 2211.15102810157
426 2234.56946672377
427 2225.82026260688
428 2209.13469719375
429 2219.57415952395
430 2146.63365835069
431 2192.042250074
432 2208.27263947696
433 2230.72794069624
434 2168.50538510504
435 2191.03141278429
436 2171.55738524761
437 2186.38940231527
438 2144.13546274186
439 2158.30641560135
440 2175.25552784272
441 2212.54532746996
442 2168.45888583072
443 2150.13570563214
444 2157.02857188618
445 2132.41440966625
446 2168.53272551792
447 2190.18195621941
448 2189.93903569248
449 2155.98823878994
450 2158.68863916731
451 2145.63940204567
452 2152.53401690956
453 2173.3170962044
454 2175.86498619704
455 2164.57719386794
456 2140.93622048568
457 2130.88341005288
458 2096.00307547357
459 2102.03185388858
460 1890.55401741541
461 2083.77348932408
462 2098.80942831978
463 2083.52307313358
464 2061.4171143854
465 2086.68047738126
466 2018.72013419735
467 1714.26371174896
468 2056.64147488038
469 2063.16330804969
470 2046.20690691424
471 2025.30947226961
472 2048.83189952632
473 2064.99504226308
474 2018.2301573585
475 2016.71450287171
476 2009.68075243425
477 1998.45397527574
478 1999.67498101636
479 1987.37770945881
480 1954.62237539727
481 2015.40196745
482 2040.00874963506
483 2006.9045618187
484 2032.26524639391
485 1991.75520428798
486 2043.41406102595
487 2058.69753163978
488 2087.15994700748
489 2106.90183097662
490 2108.64734079722
491 2106.65072851078
492 2102.67227971134
493 2122.16927311056
494 2131.49692139422
495 2163.06430750565
496 2123.28992883897
497 2144.74978495133
498 2086.53068857964
499 2110.30728827627
500 2124.90345748777
501 2097.09434630696
502 2111.0985650974
503 2111.02495304044
504 2094.44362552727
505 2094.78823303353
506 2074.83137511133
507 2065.118969846
508 2068.14239758345
509 2088.2963698127
510 2063.36811970651
511 2108.60515931389
512 2115.55395494166
513 2118.62120036084
514 2110.89841539281
515 2064.46035278867
516 2080.81529261837
517 2054.46606867273
518 2081.28890494012
519 2082.62058477592
520 2101.71620457133
521 2097.0285252779
522 2067.17831507864
523 2081.34076903375
524 2080.27857843769
525 2086.83961968287
526 2054.06980375619
527 2079.43099971942
528 2092.0195884104
529 2114.12059877126
530 2104.56415617389
531 2126.47094179994
532 2093.89959867232
533 2129.23238870315
534 2137.77024446309
535 2169.4542607043
536 2185.18603923488
537 2211.18018255087
538 2250.92305369767
539 2183.23942940539
540 2203.47072778495
541 2198.22771267567
542 2154.49831229702
543 2185.24507800451
544 2198.14011936615
545 2159.94475198485
546 2188.30418894965
547 2197.71340667459
548 2168.64401324513
549 1989.55472979323
550 2178.90314303553
551 2144.53667382252
552 2164.36833881608
553 2169.8032978337
554 2142.43137085959
555 2134.40317393768
556 2145.43626817352
557 2173.92132941697
558 2225.64863374987
559 2196.46652727501
560 2195.38946012852
561 2175.79658654122
562 2144.629119383
563 2175.70917885343
564 2208.12960004667
565 2204.26921973499
566 2238.30473605858
567 2258.19345485316
568 2246.57367932761
569 2244.79966501327
570 2248.75727202115
571 2200.87642689083
572 2215.69443922991
573 2256.10624100123
574 2234.72776441275
575 2232.91045384563
576 2181.7107218644
577 2196.29779412156
578 2208.12311314582
579 2189.84682274697
580 2163.77974941978
581 2219.81461130015
582 2212.81835960586
583 2239.84226713058
584 2220.46841111525
585 2246.77720395636
586 2245.28335678665
587 2261.49004578914
588 2241.77899842929
589 2231.08492926252
590 2245.49740987723
591 2236.92566071868
592 2264.67312278304
593 2326.68963986578
594 2394.15351463863
595 2349.22398056166
596 2338.82960730759
597 2369.75373133299
598 2307.94483915508
599 2345.43185135928
600 2393.13546524085
601 2493.72163581248
602 2511.24778101033
603 2404.63303915112
604 2406.67767125534
605 2346.59062342404
606 2372.6436784019
607 2315.6652201325
608 2305.12185609647
609 2354.63012253503
610 2377.23940765725
611 2330.25601025353
612 2350.51958895612
613 2372.42347383268
614 2327.62897672349
615 2293.8615315392
616 2342.71270720964
617 2386.1825863364
618 2320.02616070407
619 2327.33918205868
620 2272.21023745423
621 2227.7317659001
622 2278.87912953133
623 2234.21321843085
624 2244.05978158723
625 2205.93741596274
626 2209.27456506699
627 2188.06699850742
628 2171.72807788818
629 2175.76249899737
630 2158.73149261891
631 2189.53238843926
632 2167.45802199351
633 2171.57004516367
634 2179.71246219944
635 2214.55170182566
636 2195.93846783495
637 2238.19165979007
638 2251.43207151003
639 2196.90972303612
640 2189.64600172389
641 2211.07213331938
642 2264.89813127124
643 2224.23527391901
644 2238.48445065048
645 2212.22823956538
646 2175.51092351997
647 2239.02790074829
648 2259.760094614
649 1786.39795008873
650 2234.38040532716
651 2240.88690504429
652 2229.21228342064
653 2210.1822760521
654 2227.28346419209
655 2278.66227287264
656 2288.04060285413
657 2285.98014228473
658 2354.25464078052
659 2392.51109447226
660 2364.81583042145
661 2306.98704507346
662 2344.51553392267
663 2301.28381746025
664 2301.73949711702
665 2254.27362944936
666 2216.51103405744
667 2271.3135885469
668 2209.30198034319
669 2220.89614476187
670 2152.91887332941
671 2216.81794570016
672 2216.26227468614
673 2205.35315903828
674 2200.27604244784
675 2190.60853517801
676 2174.42257602242
677 2201.5890441634
678 2213.48032734495
679 2244.48849988344
680 2222.40026234195
681 2232.92437923109
682 2237.69523651839
683 2235.46471667374
684 2243.89123423968
685 2262.57659365152
686 2276.09828499507
687 2239.71349878314
688 2242.71962730354
689 2218.77739654169
690 2192.97241693369
691 2210.31830448877
692 2176.29848283265
693 2189.51528040455
694 2215.26301516648
695 2179.43612363707
696 2197.12105457868
697 2187.2056198367
698 2185.13110536946
699 2184.89166002622
700 2195.65820764047
701 2148.91132168544
702 2174.74139141398
703 2149.9145642946
704 2158.06627084655
705 2110.66266545239
706 2131.44806585351
707 2088.13434589483
708 2110.47833163034
709 2143.48895810629
710 2178.52997761221
711 2180.97260843273
712 2165.83753329861
713 2206.27667907593
714 2160.30770445459
715 2185.18244374927
716 2222.80141709784
717 2225.77651956927
718 2196.36740570561
719 2174.58389067702
720 2216.50118889835
721 2226.93720444628
722 2241.90242398397
723 2184.93497624818
724 2210.05265200827
725 2196.42756516968
726 2177.79419933314
727 2167.02586517487
728 2171.22415337808
729 2192.61335139201
730 2136.24520484125
731 2168.84283505974
732 2215.64501790156
733 2259.117337014
734 2316.05487123
735 2243.61147218709
736 2242.02630990767
737 2264.5302590031
738 2196.42225932455
739 2220.32297635877
740 2272.55272159213
741 2203.31792595365
742 2246.49514069998
743 2220.95016979455
744 2226.98968636093
745 2260.49139175908
746 2294.58468585955
747 2248.86467857455
748 2222.54292232204
749 2271.98065984606
750 2244.83435503222
751 2269.44210291906
752 2298.18672172087
753 2243.69958397278
754 2239.01370669948
755 2236.58407699926
756 2235.41790712368
757 2234.17731825638
758 2224.90298470781
759 2221.72175618273
760 2176.37494125622
761 2173.75670240898
762 2157.50098382409
763 2141.56257633573
764 2101.59295002817
765 2139.05675932798
766 2094.63307591593
767 2141.85351649735
768 2157.26663478288
769 2121.20320232691
770 2187.97607231007
771 2191.6652305635
772 2194.99568875247
773 2132.04128236629
774 2172.90310156578
775 2134.76745153333
776 2152.96414200807
777 2126.42908806934
778 2126.58384251921
779 2112.55565532906
780 2146.00675951695
781 2186.92492680919
782 2173.42216349561
783 2170.29470806472
784 2139.0244051306
785 2143.1076991705
786 2123.09027657029
787 2131.65949684693
788 2127.44400644303
789 2099.75868572284
790 2123.38913443062
791 2140.38170609916
792 2114.8302662891
793 2132.18289061743
794 2089.32926274352
795 2143.97189788959
796 2150.72211235542
797 2130.77995765941
798 2125.81673413016
799 2167.98814944021
800 2179.3626074916
801 2179.26979682341
802 2168.93304615662
803 2143.59852636565
804 2140.50971638986
805 2139.70919828976
806 2131.3215078241
807 2104.0308701208
808 2126.20603870721
809 2146.41248166693
810 2124.4331259578
811 2126.38771438861
812 2113.61719303138
813 2133.5289386078
814 2074.85180912355
815 2098.93081668789
816 2066.73255059371
817 2106.97755177947
818 2125.40450612131
819 2141.00920039483
820 2134.51174647089
821 2156.99214287537
822 2139.95718202229
823 2160.30894485158
824 2155.41495069938
825 2141.28375082858
826 2148.43669381802
827 2111.53219431203
828 2133.86105115237
829 2114.06885038156
830 2161.82212455319
831 2182.60723331998
832 2159.79532636804
833 2177.45684898345
834 2154.11321192251
835 2118.71204475183
836 2139.28731339334
837 2100.69127620456
838 2107.96993216233
839 2131.50218355748
840 2142.9497108151
841 2114.85768593879
842 2104.88802791548
843 2147.18835657049
844 2161.31831022031
845 2169.84423401502
846 2153.76737791775
847 2184.47003221311
848 2164.89236793213
849 2163.88777376119
850 2119.95469792554
851 2160.73163918594
852 2161.89326540503
853 2120.35324531129
854 2130.56409527167
855 2139.50008684638
856 1949.21096122993
857 2163.61075154168
858 2146.91812292927
859 2176.30947237191
860 2146.91014377885
861 2137.89090449555
862 2173.90677724287
863 2192.99119028001
864 2206.53550568227
865 2175.29659082066
866 2197.58266323855
867 2222.2148970104
868 2227.15638271249
869 2183.48281529008
870 2175.98305980395
871 2147.07845066946
872 2154.48291290183
873 2177.07656226537
874 2170.79006024931
875 2139.75623866063
876 2141.47964474992
877 2137.69853254192
878 2119.46308570172
879 2156.66812357894
880 2174.15284641637
881 2159.44615804429
882 2158.51507595902
883 2137.12581158045
884 2099.01491345361
885 1579.64530387932
886 2101.22429564222
887 2124.09700170985
888 2165.2465946329
889 2147.76670451229
890 2183.14389497915
891 2195.04789565202
892 2171.85393945335
893 2179.71771888278
894 2159.7975934969
895 2165.08635430697
896 2149.90214791389
897 2140.75746567769
898 2187.77246078834
899 2212.97293412459
900 2162.83963125159
901 2191.78519286247
902 2211.11593734899
903 2217.46163243609
904 2245.81832987446
905 2210.72180227182
906 2190.96404786805
907 2179.14009294908
908 2197.67467528564
909 2162.87333831383
910 2162.54583701683
911 2146.10292335441
912 2088.28044810918
913 2078.63494519721
914 2079.96812213808
915 2036.84737844077
916 2023.34359931357
917 2040.08805913535
918 2037.49123724534
919 2064.27599891505
920 2053.72646666895
921 2048.35643192357
922 2077.52186519363
923 2057.27520496997
924 2015.95327885303
925 2041.92387553283
926 2050.76899517583
927 2078.96999374409
928 2081.33310730729
929 2073.27117002651
930 2101.67858474965
931 2127.88568845315
932 2106.2634244368
933 2137.33807040174
934 2151.88637704992
935 2111.52165669127
936 2184.94384404801
937 2182.14344231972
938 2183.5745535773
939 2151.54683171881
940 2200.4984547313
941 2178.79790101813
942 2167.98190117078
943 2218.5433987774
944 2153.32456154949
945 2170.16978084051
946 2233.72794324164
947 2143.88771351999
948 2142.80647231857
949 2157.56366944869
950 2144.43678276383
951 2149.51158646693
952 2173.3874079623
953 2171.87079365177
954 1818.618741475
955 2181.44906004139
956 2144.78961806427
957 2220.11284205673
958 2242.79149835048
959 2233.95445403585
960 2209.74872802597
961 2225.08894341628
962 2210.72575099706
963 2194.00422876858
964 2212.22034387983
965 2163.09100325708
966 2161.96216414357
967 2133.93550264136
968 2145.87452173131
969 2171.91182160422
970 2180.81657125888
971 2102.70858161745
972 2100.43844804128
973 2106.60220426024
974 2076.35462628324
975 2085.65826882211
976 2108.54858863099
977 2100.56013193734
978 2084.85076285182
979 2057.24321440884
980 2086.28596911129
981 2109.69705677213
982 2128.05235863497
983 2067.6262436057
984 2111.23432860785
985 2111.37958491116
986 2131.88416899377
987 2147.21418247173
988 2138.64721800376
989 2128.21291268276
990 2171.42061756009
991 2131.26374112983
992 2180.13148599239
993 2107.03508848423
994 2160.59528048402
995 2168.02165969854
996 2141.33573396824
997 2138.43051048135
998 2182.36482304053
999 2205.11415965043
1000 2174.40143648078
1001 2192.96510744997
1002 2166.63132431439
1003 2192.30950821211
1004 2194.00728176073
1005 2165.9342795541
1006 2199.01045624934
1007 2199.2139267721
1008 2185.86733247665
1009 2167.19001151554
1010 2135.7255688223
1011 2184.43170982557
1012 2149.18690270296
1013 2163.341479851
1014 2160.94710275463
1015 2170.86092547988
1016 2146.96534351481
1017 2152.08289028646
1018 2139.81541872279
1019 2189.47879034126
1020 2192.27584055442
1021 2184.72322123576
1022 2165.89072074013
1023 2143.01041342746
1024 2182.56382234247
1025 2141.07422040128
1026 2184.85903267445
1027 2183.69989549756
1028 2209.40157343747
1029 2229.73396700682
1030 2205.0633411501
1031 2211.20572610532
1032 2169.53223810547
1033 2154.55745674238
1034 2189.08481999892
1035 2183.63447804526
1036 2191.29548203904
1037 1976.68261303604
1038 2208.42124958322
1039 2195.32698847485
1040 2197.29181143761
1041 2161.14024070947
1042 2163.02937013783
1043 2136.92721384441
1044 2127.7000824893
1045 2122.24384933319
1046 2118.30756649023
1047 2123.99601374781
1048 2104.34787571411
1049 2137.18333676109
1050 2117.479849715
1051 2134.81889427151
1052 2105.09815885585
1053 2101.93054399838
1054 2085.03654518009
1055 2117.60329605811
1056 2098.66117956685
1057 2098.08470353726
1058 2106.92954049429
1059 2100.1405188613
1060 2090.21806905261
1061 2063.48855461372
1062 2060.89984823632
1063 2109.76002006702
1064 2092.36276438355
1065 2110.23942146402
1066 2100.09682986899
1067 2096.51857221176
1068 2082.87547470778
1069 2116.58304702727
1070 2144.3402472596
1071 2166.34109158931
1072 2132.98534853763
1073 2160.08975643028
1074 2132.87144377094
1075 1980.98036282302
1076 2157.07642618603
1077 2155.54485501265
1078 2140.33057664767
1079 2158.18060490615
1080 2161.60112584203
1081 2192.10054402372
1082 2204.31855752437
1083 2182.88715397517
1084 2197.42430690819
1085 2145.44200635498
1086 2192.71679883484
1087 2164.58658027785
1088 2164.98573567285
1089 2108.60490765527
1090 2139.2482720832
1091 2113.48294748705
1092 2116.80821568826
1093 2091.34182055487
1094 2087.95839437419
1095 2100.17568983168
1096 2111.28472998624
1097 2127.36078948556
1098 2142.89397525068
1099 2146.38729668516
1100 2102.14614684064
1101 2094.50091514183
1102 2113.78741404765
1103 2108.84381639706
1104 2093.83514199208
1105 2096.88607512581
1106 2092.13469560347
1107 2100.30615465829
1108 2116.64028122767
1109 2101.9700737518
1110 2116.41681022692
1111 2134.42034277161
1112 2117.33372371387
1113 2120.89240592088
1114 2100.99999280043
1115 2113.96560995348
1116 2092.96286856026
1117 2131.621685465
1118 2116.26876662661
1119 2136.77113670426
1120 2118.36841879395
1121 2145.49152892438
1122 2156.84760696701
1123 2125.6843599731
1124 2165.3482862963
1125 2133.10557193509
1126 2125.79320666786
1127 2151.7885242552
1128 2143.810498912
1129 2156.95227924349
1130 2153.84952219691
1131 2155.26006719697
1132 2162.51448884531
1133 2201.00757507373
1134 2206.38266035275
1135 2224.94363919703
1136 2254.85152428908
1137 2232.87512807065
1138 2226.80874215961
1139 2237.00768227521
1140 2247.42152064299
1141 2206.83472164275
1142 2220.94606408477
1143 2210.25990046912
1144 2192.02116386476
1145 2208.96832967423
1146 2179.2547872272
1147 2183.14003471452
1148 2241.46472749391
1149 2229.45234325562
1150 2232.18768985344
1151 1821.77061924974
1152 2218.82535560365
1153 2227.92208797235
1154 2199.86196250513
1155 2175.67386610314
1156 2170.410228871
1157 1938.98905705967
1158 2173.53672892515
1159 2151.72947333577
1160 2149.05243958919
1161 2188.27387271573
1162 2158.6143623816
1163 2167.56444684467
1164 2135.62255984361
1165 2145.89294041411
1166 2161.35533359742
1167 2155.62911152025
1168 2201.21667866954
1169 2246.219336499
1170 2228.74354503562
1171 2256.62789988039
1172 2273.63621384289
1173 2229.77564546717
1174 2258.61755845364
1175 2237.97369003668
1176 2256.34417546074
1177 2260.04419742204
1178 2204.18442743337
1179 2238.14708863627
1180 2252.67569078894
1181 2249.57902104494
1182 2284.2453131478
1183 2332.51841266722
1184 2302.18293394784
1185 2331.22824215369
1186 2410.79861346722
1187 2440.76712733115
1188 2423.93805130872
1189 2407.21340239189
1190 2409.21602712436
1191 2335.20158518639
1192 2326.73308086824
1193 2355.32767382158
1194 2324.07637516904
1195 2346.25968007465
1196 2401.4622842787
1197 2467.10892985717
1198 2460.7519541975
1199 2469.73465570574
1200 2415.41459428386
1201 2424.31724938527
1202 2417.8481500356
1203 2439.93780251097
1204 2379.41833079056
1205 2414.3005214296
1206 2407.36695901308
1207 2441.97495600591
1208 2441.72792016877
1209 2385.15773321057
1210 2356.26355931721
1211 2391.10490406367
1212 2389.86014892261
1213 2430.88976141385
1214 2346.09378073973
1215 2382.07396348005
1216 2459.68301049713
1217 2463.72791600102
1218 2466.17225852073
1219 2399.77859029302
1220 2425.449243615
1221 2378.50367586845
1222 2130.37168219452
1223 2353.56736696372
1224 2295.32317127695
1225 2322.78739447416
1226 2306.75590271868
1227 2336.62180405118
1228 2318.68410544652
1229 2338.21799774547
1230 2332.77047001264
1231 2314.46270973064
1232 2333.20065522618
1233 2398.69832654089
1234 2450.64033034926
1235 2470.62964836506
1236 2406.97968022883
1237 2384.86540412099
1238 2391.65365940324
1239 2337.07589598693
1240 2325.85253995099
1241 2309.31387124105
1242 2315.97961555205
1243 2404.97655371183
1244 2502.9727978527
1245 2466.22603425694
1246 2481.3776476779
1247 2424.15110021041
1248 2429.34508642149
1249 2449.57097959542
1250 2410.3193323366
1251 2410.89236970594
1252 2401.24068440094
1253 2400.09312969537
1254 2302.53819517401
1255 2315.03768714566
1256 2279.42362956458
1257 2321.29236964059
1258 2373.01587246076
1259 2377.69330742605
1260 2355.70696649611
1261 2370.71123732087
1262 2405.4088270521
1263 2400.24585401891
1264 2409.2248296956
1265 2480.86676699315
1266 2437.66657712829
1267 2381.51356528984
1268 2446.43650349583
1269 2482.35973935668
1270 2462.0439097133
1271 2497.56168127027
1272 2433.50616254379
1273 2471.94500883615
1274 2481.3428269855
1275 2478.12730029125
1276 2491.59838090782
1277 2435.35026142412
1278 2442.14898455188
1279 2389.77153391328
1280 2431.14703239472
1281 2422.5013529327
1282 2470.61864471093
1283 2424.02053494252
1284 2413.37397121875
1285 2404.21150667003
1286 2415.01594983844
1287 2439.11251991279
1288 2379.31258969808
1289 2405.60342451197
1290 2363.21938588584
1291 2320.57757039517
1292 2369.69832551851
1293 2333.55435640384
1294 2332.57762309433
1295 2302.81963667567
1296 2329.93179016264
1297 2287.73172202619
1298 2252.5367557318
1299 2059.18580789779
1300 2284.51577051437
1301 2266.59971923383
1302 2260.6578279809
1303 2232.97942730549
1304 2254.20097911361
1305 2211.40581092427
1306 2183.27665486173
1307 2218.97154825554
1308 2196.89066520801
1309 2226.08949902219
1310 2257.23562810086
1311 2225.76339555907
1312 2188.83995973831
1313 2235.13779655463
1314 2238.19756599436
1315 2202.05427283502
1316 2197.67841146777
1317 2250.30451831643
1318 2255.76435178243
1319 2233.8546325652
1320 2240.50674953253
1321 2221.51464424508
1322 2226.02124420949
1323 2217.89828993403
1324 2158.33533717692
1325 2177.67315963573
1326 2125.80680419265
1327 2168.757493741
1328 2134.40406871423
1329 2152.04355567378
1330 2120.64692309213
1331 2137.1596099197
1332 2080.24624466933
1333 2154.42870702459
1334 2127.49811611537
1335 2171.21869522539
1336 2191.5481367909
1337 2146.05170361408
1338 2212.66500444837
1339 2230.67616047313
1340 2214.94462746216
1341 2200.16596991606
1342 2192.46478766428
1343 2205.82665975697
1344 2161.75730187849
1345 2200.73000924129
1346 2208.67484301778
1347 2191.85487693789
1348 2241.61161158565
1349 2251.16957436129
1350 2236.52087877867
1351 2245.98947878366
1352 2188.98933282151
1353 2175.30436332192
1354 2214.87150238408
1355 2165.58512817677
1356 2179.51750526213
1357 2148.85752614244
1358 2128.63766926881
1359 2170.19270807594
1360 2129.16300030928
1361 2171.80216790192
1362 2193.20902421122
1363 2164.69113258239
1364 2216.13909206263
1365 2182.3970442264
1366 2194.94945910169
1367 2177.80763182738
1368 2173.17132960396
1369 2173.10746372253
1370 2165.35820694203
1371 2141.7912742679
1372 2169.08770405883
1373 2168.89799359011
1374 2181.9965218247
1375 2167.06318060036
1376 2171.55466648871
1377 2149.66243604706
1378 2152.993512763
1379 2155.44321301763
1380 2177.2751309731
1381 2174.43074517587
1382 2144.94254121712
1383 2143.57877476681
1384 2158.9370172637
1385 2149.16010453925
1386 2133.81805160812
1387 2149.20819775314
1388 2152.12438076047
1389 2153.56724709739
1390 2153.16554667965
1391 2153.18276193305
1392 2178.10265483936
1393 2144.82049202288
1394 2170.62175065353
1395 2197.22805026263
1396 2155.09455882785
1397 2186.53108303491
1398 2169.01386894277
1399 2163.88022384298
1400 2157.22320370601
1401 2120.4210250003
1402 2147.91508405905
1403 2181.12536071374
1404 2134.30058893334
1405 2131.06012981835
1406 2140.48037999776
1407 2106.71934149463
1408 2147.87879468527
1409 2164.31946168943
1410 2147.60162113657
1411 2169.30138697663
1412 2158.91766848418
1413 2155.2179405981
1414 2135.4956686623
1415 2131.76173670982
1416 2129.84150501091
1417 2150.82343531369
1418 2155.73783047753
1419 2140.60521950905
1420 2158.61166702047
1421 2167.38181741946
1422 2149.11565829126
1423 2112.36080257702
1424 2124.7878025056
1425 2082.47738069939
1426 2069.91978916926
1427 2097.70931261705
1428 2103.28998378326
1429 2102.84369985665
1430 2105.13886959584
1431 2083.99359657677
1432 2140.64412177272
1433 2140.59053735269
1434 2126.8518942579
1435 2118.16908933351
1436 2120.50871143966
1437 2136.19135664533
1438 2120.26838529169
1439 2105.18272846246
1440 2130.18223092725
1441 2140.98773849439
1442 2102.87835766052
1443 2108.97279731115
1444 2080.91383698176
1445 2102.99396216743
1446 2104.22441920412
1447 2103.38551512699
1448 2074.47169902636
1449 2081.57485958086
1450 2052.09494280049
1451 2062.69217390706
1452 2085.51298511572
1453 2084.81781817431
1454 2101.22143394779
1455 2142.53273242755
1456 2168.75903610009
1457 2128.69534607004
1458 2182.83154420213
1459 2167.29062227842
1460 2194.01615212369
1461 2185.5066973564
1462 2168.8479397228
1463 2184.56095391811
1464 2141.35984120934
1465 2165.63516176425
1466 2131.68376367806
1467 2179.39035862661
1468 2145.84081011817
1469 2167.31483945791
1470 2136.19628411068
1471 1788.29379703142
1472 2133.30955905648
1473 2110.1171616748
1474 2139.07426286767
1475 2112.19289197608
1476 2165.03346400356
1477 2131.53083252082
1478 2152.77209370108
1479 2191.0872026799
1480 2175.99686664939
1481 2175.71393655935
1482 2110.82084186079
1483 2103.09402854104
1484 2166.72512712773
1485 2160.87470220405
1486 2166.09783342196
1487 2135.6663350457
1488 2155.91402941026
1489 2096.1809300615
1490 2136.79341240312
1491 2146.08353008076
1492 2127.9234268496
1493 2116.04405718529
1494 2138.02958716349
1495 2157.08980759459
1496 2167.69644859495
1497 2211.28831520074
1498 2199.51681960225
1499 2238.21881869492
1500 2235.83186043739
1501 1983.28172160864
1502 2255.47332879474
1503 2223.77530521641
1504 2258.81043678959
1505 2237.54236319373
1506 2239.49589359859
1507 2211.20237370776
1508 2189.24223305652
1509 2209.21572696604
1510 2213.6793009446
1511 2161.79330169236
1512 2184.44838132103
1513 2165.58531749328
1514 2180.24462354956
1515 2208.87746908033
1516 2228.8496090155
1517 2171.62657382093
1518 2209.63001294855
1519 2189.70215216059
1520 2239.47486360006
1521 2223.66982244532
1522 2215.86709107405
1523 2196.73777418145
1524 2207.45101690301
1525 2175.72800371417
1526 2178.89222722491
1527 2190.48389682052
1528 2182.40095962334
1529 2151.15141673658
1530 2178.1917836405
1531 2132.65610261479
1532 2199.77941867402
1533 2244.09635665301
1534 2268.68095348466
1535 2284.48081079849
1536 2273.98100947087
1537 2275.73775696774
1538 2228.1229552372
1539 2231.29690318234
1540 2290.64526668721
1541 2226.52984254855
1542 2250.3169669072
1543 2219.63192357958
1544 2192.95909480925
1545 2218.2076757163
1546 2219.03530042029
1547 2182.39987699459
1548 2244.72265651723
1549 2235.53567103726
1550 2261.4388979982
1551 2258.88079880581
1552 2250.09967303786
1553 2247.71070853317
1554 2241.78520165446
1555 2241.92672278892
1556 2254.78419983547
1557 2318.08307521577
1558 2284.86417205912
1559 2322.90052360494
1560 2302.63684883686
1561 2271.72341219937
1562 2311.28880942075
1563 2327.87832862948
1564 2245.03551337645
1565 2253.00981786356
1566 2204.80634311554
1567 2212.99791944387
1568 2233.82402552436
1569 2230.94450691809
1570 2248.65698268827
1571 2273.15381945124
1572 2278.86785904515
1573 2271.51346643548
1574 2285.20394155608
1575 2343.55174538166
1576 2303.96306862748
1577 2287.56717296595
1578 2345.02963470734
1579 2399.24762021152
1580 2415.44010900784
1581 2453.22231871379
1582 2441.85696636075
1583 2436.81329743426
1584 2443.61363165188
1585 2387.05537337285
1586 2343.55065128138
1587 2388.92247110497
1588 2349.42086241785
1589 2360.86183113292
1590 2305.95684454588
1591 2300.01775893539
1592 2319.84795193491
1593 2287.55109046144
1594 2274.24699051228
1595 2300.28501188282
1596 2260.16265214549
1597 2235.78184168802
1598 2254.43108233931
1599 2206.12479617075
1600 2208.32865493483
1601 2209.44089413197
1602 1896.62580612867
1603 2210.20981639353
1604 2202.57670518703
1605 2153.43814433823
1606 2180.70405980091
1607 2196.58310543374
1608 2176.26467935301
1609 2180.79157138325
1610 2181.94027938149
1611 2187.1936931872
1612 2172.61286326134
1613 2180.84837640371
1614 2154.77043314244
1615 2157.24157665963
1616 2135.87848163974
1617 2166.93979485297
1618 2179.57645300711
1619 2184.3923387155
1620 2195.67746035658
1621 2189.44589286919
1622 2173.48626638336
1623 2166.35788518753
1624 2164.87761438399
1625 2197.89952068022
1626 2214.37287946555
1627 2257.94803192953
1628 2304.26113856641
1629 2336.59715920128
1630 2291.09958841384
1631 2293.01630663892
1632 2234.30568697827
1633 2273.69716603448
1634 2241.58204939009
1635 2260.39465985403
1636 2313.29186324079
1637 2322.39956061958
1638 2296.28780472778
1639 2276.33715881339
1640 2254.7192584342
1641 2294.51133784
1642 2360.05058611733
1643 2434.62016890308
1644 2399.92983120787
1645 2413.24830497303
1646 2328.95844568869
1647 2379.91645107785
1648 2362.39371439283
1649 2334.54835895166
1650 2325.39693669673
1651 2353.60329142477
1652 2337.61456459871
1653 2283.80896634257
1654 2333.37297098289
1655 2369.04071553456
1656 2372.90218283496
1657 2315.93063049969
1658 2310.03074326435
1659 2302.27105555809
1660 2297.10160353534
1661 2322.65292185888
1662 2431.59045525117
1663 2459.4845391456
1664 2439.15512881445
1665 2374.03125127161
1666 2381.15893532399
1667 2316.59374013575
1668 2287.50657743723
1669 2279.49112341808
1670 2336.87046722722
1671 2276.2458179115
1672 2293.45319364782
1673 2248.98364979459
1674 2226.06892105856
1675 2237.68119382248
1676 2225.04276781943
1677 2223.27062282286
1678 2243.71670237125
1679 2177.63546234432
1680 2209.27725534687
1681 2214.38661504449
1682 2166.65759826791
1683 2196.42355378737
1684 2197.80477735867
1685 2165.75725546339
1686 2194.03534458964
1687 2183.7972632122
1688 2211.63582170685
1689 2246.67082898295
1690 2245.96495206954
1691 2261.56096757664
1692 2219.53314743498
1693 2250.67054449974
1694 2219.99259073163
1695 2218.20229346245
1696 2237.73253918781
1697 2227.0236420807
1698 2211.32659210446
1699 2204.92862913906
1700 2215.46233344785
1701 2224.17507179662
1702 2220.97641743524
1703 2190.7254826265
1704 2240.46078004441
1705 2234.9328228676
1706 2263.12678983644
1707 2211.78177210865
1708 2225.57971408158
1709 2209.98501910225
1710 2236.07175195753
1711 2258.10190651166
1712 2273.45707219811
1713 2263.60042050226
1714 2230.79171417179
1715 2233.00480698822
1716 2279.46037807674
1717 2334.21609720337
1718 2432.87958635392
1719 2452.70962454002
1720 2383.40617741703
1721 2390.91268692386
1722 2275.15147936653
1723 2303.34338020913
1724 2316.81384656591
1725 2295.84452338357
1726 2322.88820991848
1727 2289.94900494119
1728 2293.79063950366
1729 2268.08806673298
1730 2224.02733906565
1731 2200.42027991798
1732 2244.05203122439
1733 2246.22640064599
1734 2332.9862596605
1735 2403.28830697557
1736 2354.93828532551
1737 2322.62096153974
1738 2380.15884597958
1739 2399.10686339085
1740 2395.89183382389
1741 2377.00241650527
1742 2410.45204593478
1743 2402.46364772989
1744 2404.86993098439
1745 2359.29023772424
1746 2381.83201341364
1747 2307.70356103269
1748 2302.24210480907
1749 2283.77305787451
1750 2330.07396986806
1751 2337.04005818881
1752 2343.78003381687
1753 2350.56538255805
1754 2364.40315533219
1755 2278.8614233292
1756 2286.1353625502
1757 2324.66881729539
1758 2335.75031255734
1759 2310.35743752617
1760 2332.47506300025
1761 2399.64613464587
1762 2292.65336484199
1763 2447.3998073487
1764 2364.606880346
1765 2359.28279865095
1766 2403.10165891402
1767 2435.29621695192
1768 2378.81658274076
1769 2411.17675365593
1770 2484.84709645868
1771 2444.20100393782
1772 2466.32525556513
1773 2411.0704732122
1774 2388.40405001735
1775 2389.31927808194
1776 2330.29444967952
1777 2406.53534958883
1778 2378.8941143429
1779 2352.72470506973
1780 2378.89184302546
1781 2373.59255960693
1782 2349.26629786693
1783 2330.88189144034
1784 2371.11113012178
1785 2345.42367690586
1786 2380.524894815
1787 2448.79051345218
1788 2521.0125338854
1789 2506.65968869145
1790 2524.23946253596
1791 2519.41080834722
1792 2523.42013202935
1793 2479.25190096356
1794 2461.08056755475
1795 2501.9980088908
1796 2451.45391372831
1797 2428.50929216526
1798 2465.23343176823
1799 2408.39846327985
1800 2412.00993767997
1801 2383.79139456218
1802 2410.81602246363
1803 2321.81772301106
1804 2271.58707399791
1805 2334.2410530757
1806 2373.49142869384
1807 2286.11399989391
1808 2302.04872063947
1809 2259.63846929988
1810 2197.24826532811
1811 2285.4683310727
1812 2269.47049638384
1813 2355.43732758302
1814 2252.65965789277
1815 2310.01606249091
1816 2277.62163101283
1817 2339.85302678528
1818 2295.64804741197
1819 2281.23357804242
1820 2225.08311340305
1821 2288.11185692879
1822 2237.40266701805
1823 2250.95624754917
1824 2272.0003590977
1825 2249.75449186817
1826 2309.33887000965
1827 2243.71990039008
1828 2298.19283483203
1829 2193.13132075119
1830 2198.4449014009
1831 2122.6413321652
1832 2177.59666422946
1833 2161.96266071546
1834 2221.16052662077
1835 2218.51058615008
1836 2227.2401987331
1837 2241.0451414837
1838 1658.83463107567
1839 2215.50307100519
1840 2281.96107039902
1841 2303.05158053543
1842 2247.10233746568
1843 2331.3293672747
1844 2284.33950020362
1845 2252.34827192451
1846 2247.95513223267
1847 2222.03542767419
1848 2272.08171941396
1849 2239.63912000829
1850 2189.65246015371
1851 2191.1898151354
1852 2158.25536920494
1853 2179.71378215906
1854 2164.14055648111
1855 2210.97896115159
1856 2227.03418966139
1857 2213.76869256784
1858 2166.62231609645
1859 2249.3091114999
1860 2214.81353324648
1861 2175.76739553522
1862 2166.57908732864
1863 2161.57874850909
1864 2192.78698393199
1865 2141.03633985383
1866 2096.88062792322
1867 2170.23324179968
1868 2188.32224727806
1869 2244.5212493312
1870 2239.21764730062
1871 2262.20923613533
1872 2314.94780908486
1873 2173.44463089999
1874 2209.32853526887
1875 2221.16049561745
1876 2199.47781121834
1877 1932.61412624986
1878 2212.16274870816
1879 2238.99466136502
1880 2160.10711624598
1881 2206.18084368116
1882 2189.21550872627
1883 2165.79184756637
1884 2171.47823852346
1885 2182.19694488854
1886 2083.89420585164
1887 2131.63974925166
1888 2083.42117782252
1889 2131.81957052808
1890 2190.1171257091
1891 2160.94003726082
1892 2243.39900835299
1893 2229.3720297968
1894 2232.14569904838
1895 2196.07020954293
1896 2177.19320061949
1897 2223.5509788846
1898 2187.96096437196
1899 2133.47193033908
1900 2174.82782016894
1901 2143.31139848461
1902 2164.68819350171
1903 2168.09628448207
1904 2107.86835813918
1905 2112.45365313947
1906 2050.12558131975
1907 2075.65950834397
1908 2106.27485409858
1909 2137.73890988839
1910 2107.22925569053
1911 2111.30146159611
1912 2059.0572623913
1913 2115.7907652464
1914 2108.23774222351
1915 2146.37183355621
1916 2191.47617960255
1917 2233.20863904256
1918 2185.5317984955
1919 2176.80890878335
1920 2198.57032707544
1921 2124.37565143584
1922 2140.34677069914
1923 2091.63074430076
1924 2097.69481665559
1925 2054.85216847702
1926 2045.64867525972
1927 2087.58346615553
1928 2050.77127590929
1929 2025.77414493996
1930 2057.34654573266
1931 2086.76317135248
1932 2078.70595380717
1933 2060.3058486883
1934 2085.46048555147
1935 2011.85616975842
1936 2064.81774147706
1937 2097.09305656295
1938 1550.55147036774
1939 2143.82927016736
1940 2160.84190674753
1941 2115.93230968364
1942 1741.87805240344
1943 2094.63901774857
1944 2105.9005052893
1945 2054.50145847159
1946 2058.72931276793
1947 2086.09995362237
1948 2028.81275574975
1949 2063.65278011502
1950 2112.39071212234
1951 2119.2011872833
1952 2169.9655678881
1953 2147.66534328851
1954 2139.26344660726
1955 2137.8453522788
1956 2192.756229523
1957 2160.78763712948
1958 2171.84629142823
1959 2135.3876799656
1960 2187.81240028315
1961 2167.49182853287
1962 2152.2900388606
1963 2164.03472438472
1964 2128.85288182523
1965 2156.93046453846
1966 2132.21545942675
1967 2122.38092468871
1968 2119.11647955093
1969 2124.84233506461
1970 2132.49546670775
1971 2101.33426153589
1972 2125.32004189085
1973 2135.79624339824
1974 2073.32228090138
1975 2137.81363292685
1976 1727.33700232021
1977 2039.60617748369
1978 2013.08143674763
1979 2074.96050845866
1980 2119.35654965245
1981 2124.65331645673
1982 2106.9029511861
1983 2075.22810506086
1984 2100.23664489381
1985 2134.33434821284
1986 2117.67350548496
1987 2114.99184727909
1988 2127.88180331297
1989 2100.46503012553
1990 2121.08512222414
1991 2163.82261279414
1992 2095.47032413214
1993 2150.03327081909
1994 2141.07098468822
1995 2085.82993510687
1996 2123.09802570958
1997 2048.6774627168
1998 2073.16577393823
1999 2030.14435727538
2000 2093.13927152727
2001 2041.65607390563
2002 2079.5024712011
2003 2054.10130922681
2004 2056.20498121148
2005 2111.22810775596
2006 2052.25873286995
2007 2117.24155074104
2008 2151.66628450334
2009 2105.32102260261
2010 2094.58310370883
2011 2124.37703213328
2012 2075.18716606184
2013 2063.80043738206
2014 2124.17701441648
2015 2164.79817321111
2016 2098.78403701711
2017 2153.52839773598
2018 2188.8383758503
2019 2171.59947045713
2020 2201.715904267
2021 2226.80343304446
2022 2207.97974214432
2023 2219.47947801299
2024 2166.10891608762
2025 2180.14483964426
2026 2098.97458313141
2027 2182.68586874947
2028 2171.88479175668
2029 2168.59274607018
2030 2165.34019576568
2031 2126.85040630803
2032 2207.77542281432
2033 2186.44946356566
2034 2152.87694304901
2035 2238.88700242125
2036 2214.67495575835
2037 2184.30916461095
2038 2205.05237699876
2039 2163.6586948137
2040 2177.21190347857
2041 2072.07591164468
2042 2112.62427612768
2043 2126.48894226867
2044 2074.44953206366
2045 2102.51682259504
2046 2115.84772038983
2047 2098.16403528249
2048 2184.33956596286
2049 2147.49612601815
2050 2247.62826536842
2051 2219.6740074507
2052 2235.3643961427
2053 2257.62250210559
2054 2290.26529220584
2055 2258.39646520445
2056 2288.69375746827
2057 2355.79437283016
2058 2351.89789290178
2059 2375.20534424783
2060 2388.04872934748
2061 2385.00489131527
2062 2375.87159870865
2063 2429.72676300095
2064 2320.25873150272
2065 2344.11919576507
2066 2423.73073064515
2067 2433.17667354441
2068 2457.64901626377
2069 2378.99005293394
2070 2366.14698557027
2071 2376.98578759593
2072 2403.12460531837
2073 2441.55168107296
2074 2366.35629013592
2075 2401.92666792234
2076 2356.19675270126
2077 2406.38141653459
2078 2369.88035089402
2079 2400.38998971313
2080 2355.38357535541
2081 2364.33805539581
2082 2321.27027718806
2083 2393.54851853943
2084 2281.43792783544
2085 2332.62865109046
2086 2448.94302576336
2087 2416.38375313152
2088 2373.03660148977
2089 2358.24988396373
2090 2382.92326383327
2091 2388.68799509522
2092 2348.72669798103
2093 2373.70993252797
2094 2249.78595126838
2095 2268.82245223834
2096 2251.03133042196
2097 2199.31591705112
2098 2248.62247067341
2099 2339.14290309878
2100 2036.619652164
2101 2441.46338214158
2102 2265.44090130548
2103 2332.48631590924
2104 2273.81765717177
2105 2236.85419504639
2106 2279.63823119354
2107 2246.66439371675
2108 2125.53015171304
2109 2186.6337676417
2110 2099.80143063327
2111 2162.24302757804
2112 2147.08549143385
2113 2133.76182353211
2114 2172.97251289694
2115 2181.5576279454
2116 2151.96594540385
2117 2182.15043974628
2118 2180.92446589794
2119 2168.22680700515
2120 2078.73060018143
2121 2166.07330872043
2122 2203.99630946209
2123 2229.97497428507
2124 2122.05672632255
2125 2207.47702153332
2126 2154.00872230244
2127 2232.57110368147
2128 2249.07000853277
2129 2231.69812821107
2130 2246.69171948017
2131 2160.04441056616
2132 2183.16258952871
2133 2098.64786644478
2134 2176.82401087588
2135 2196.69682037088
2136 2147.51553696259
2137 2186.54801532273
2138 2116.08315088391
2139 2154.29767308706
2140 2177.9804761601
2141 2128.68293727899
2142 2166.27180512849
2143 2094.77528687119
2144 2082.03405734025
2145 2166.64984164193
2146 2118.21500331862
2147 2183.00163589713
2148 2132.91313312426
2149 2186.12629885657
2150 2129.56195433147
2151 2130.80887904517
2152 2104.71294760087
2153 2029.66057883077
2154 2111.44028164412
2155 2156.59935564843
2156 2107.24968870343
2157 2087.33620211273
2158 2133.68175755485
2159 2121.31492065922
2160 2063.30443103284
2161 2140.65497144341
2162 2147.34583337191
2163 2135.12953169491
2164 2176.8976770514
2165 2182.8721014169
2166 2127.70428892345
2167 2187.70687022915
2168 2196.18031412244
2169 2142.66346956105
2170 2123.80755230292
2171 2136.29977966005
2172 2084.93115541235
2173 2086.30589671212
2174 2106.01464688586
2175 2055.6935999064
2176 2127.30395756023
2177 2035.57644591496
2178 2085.00211383252
2179 2126.23687941789
2180 2132.090818045
2181 2163.50161361341
2182 2167.33247183727
2183 2079.51147314791
2184 2118.480727056
2185 2130.1482249651
2186 2089.74132184108
2187 2111.48692194065
2188 2055.22118833197
2189 2068.67103188115
2190 2031.61919061916
2191 1976.16267921397
2192 2082.57392681245
2193 2050.25655708102
2194 2089.10641308785
2195 2099.27142830239
2196 2055.78917009761
2197 2040.71570594526
2198 2057.31689530115
2199 2072.72024252694
2200 2029.07661965097
2201 2067.20897332937
2202 2057.98160222901
2203 2028.7883731306
2204 2048.94736604245
2205 2025.09121495227
2206 2022.33821968823
2207 2007.37665191352
2208 2086.51937807399
2209 2076.17846637524
2210 2060.50156167497
2211 2076.62807631445
2212 2065.67308981776
2213 2061.27732032053
2214 2042.87819345088
2215 2029.69344904478
2216 2049.91719477963
2217 2111.66485296773
2218 2069.21382529163
2219 2099.30841588624
2220 2070.20598952424
2221 2117.06739784141
2222 2035.92853325467
2223 2111.21101887892
2224 2066.29888178221
2225 2095.88285139894
2226 2114.76620451689
2227 2119.91824431307
2228 2104.20174053331
2229 2110.16569161184
2230 2136.721510777
2231 2148.25561963111
2232 2239.07488170977
2233 2274.41734350141
2234 2366.33843100707
2235 2407.30586057461
2236 2329.43655683016
2237 2342.74362360983
2238 2242.7858075946
2239 2273.79374590471
2240 2306.7931953015
2241 2401.07689239403
2242 2382.64426399269
2243 2368.66862625781
2244 2383.51232146127
2245 2448.18377715902
2246 2412.09426803284
2247 2358.35882697912
2248 2382.80841333413
2249 2286.8279554468
2250 2234.04607193746
2251 2300.8218417288
2252 2396.70860794224
2253 2390.81151730809
2254 2356.83990552523
2255 2360.07548793512
2256 2257.3646550798
2257 2299.13124184722
2258 2265.04850297839
2259 2306.57698567002
2260 2215.69762305056
2261 2199.0231154339
2262 2198.50161391932
2263 2211.15498767611
2264 2207.70572211263
2265 2204.55388280441
2266 2143.85483249853
2267 2235.4954767785
2268 2249.81585343501
2269 2280.99716905763
2270 2248.80015675568
2271 2234.67500103055
2272 2295.45180117392
2273 2284.88273637829
2274 2278.31289395334
2275 2315.5158637137
2276 2257.11975180669
2277 2326.02727878112
2278 2278.08208214672
2279 2233.69399821745
2280 2337.44019473697
2281 2320.22983640621
2282 2334.42352843103
2283 2239.59069985254
2284 2203.36716715408
2285 2253.28562524741
2286 2169.35798222232
2287 2132.42500225761
2288 2163.04419943765
2289 2138.13298035264
2290 2108.10081831042
2291 2092.90460203744
2292 2096.75997345544
2293 2044.42169630297
2294 2043.89094807182
2295 2043.29049179647
2296 2025.97653089282
2297 2103.0235